-52.822,-1.611,23.137,N
-51.922,-2.262,22.148,C
-52.178,-1.713,20.742,C
-51.291,-1.100,20.143,O
-52.106,-3.786,22.184,C
-53.394,-1.944,20.236,N
-53.821,-1.515,18.887,C
-54.424,-0.104,18.879,C
-54.197,0.649,17.943,O
-54.840,-2.498,18.305,C
-54.377,-3.969,18.286,C
-55.432,-4.928,17.733,C
-56.228,-4.527,16.853,O
-55.463,-6.092,18.185,O
-55.190,0.248,19.918,N
-55.757,1.618,20.079,C
-54.643,2.678,20.185,C
-54.838,3.837,19.803,O
-56.729,1.697,21.306,C
-57.185,3.135,21.580,C
-57.948,0.806,21.077,C
-53.486,2.259,20.709,N
-52.267,3.063,20.735,C
-51.837,3.491,19.319,C
-51.335,4.603,19.140,O
-51.129,2.273,21.427,C
-49.770,2.899,21.304,C
-49.169,3.734,22.197,
-48.844,2.737,20.216,
-47.924,4.105,21.737,
-47.700,3.507,20.523,
-48.874,2.013,19.010,
-46.587,3.578,19.667,
-47.771,2.082,18.158,
-46.640,2.860,18.493,
-52.036,2.600,18.332,N
-51.667,2.852,16.922,C
-52.435,4.017,16.332,C
-51.827,4.918,15.748,O
-51.920,1.621,16.012,C
-51.625,1.950,14.553,C
-51.080,0.443,16.467,C
-53.762,3.986,16.490,N
-54.638,5.078,16.041,C
-54.145,6.388,16.649,C
-53.871,7.334,15.921,O
-56.126,4.852,16.422,C
-56.972,6.064,16.046,C
-56.684,3.592,15.755,C
-54.036,6.413,17.981,N
-53.524,7.576,18.738,C
-52.123,8.048,18.358,C
-51.837,9.245,18.408,O
-51.257,7.110,17.981,N
-49.919,7.431,17.486,C
-50.004,7.888,16.029,C
-49.216,8.733,15.590,O
-49.001,6.214,17.596,C
-47.509,6.496,17.400,C
-46.800,7.642,18.613,
-47.213,6.857,20.179,
-50.959,7.324,15.287,N
-51.227,7.713,13.911,C
-51.710,9.144,13.811,C
-51.171,9.912,13.024,O
-52.724,9.494,14.611,N
-53.260,10.869,14.659,C
-52.153,11.874,15.003,C
-52.121,12.964,14.453,O
-54.432,11.032,15.686,C
-55.635,10.132,15.356,C
-54.912,12.479,15.745,C
-56.310,10.413,14.026,C
-51.255,11.496,15.911,N
-50.128,12.346,16.306,C
-49.166,12.575,15.154,C
-48.803,13.717,14.863,O
-49.352,11.740,17.496,C
-47.996,12.425,17.671,C
-50.185,11.843,18.770,C
-48.754,11.492,14.506,N
-47.881,11.589,13.320,C
-48.575,12.333,12.155,C
-47.915,13.033,11.390,O
-47.405,10.197,12.870,C
-46.294,9.613,13.745,C
-45.995,7.863,13.419,S
-44.486,7.588,14.344,C
-49.896,12.177,12.034,N
-50.672,12.898,11.020,C
-50.651,14.403,11.269,C
-50.521,15.181,10.324,O
-52.104,12.394,10.976,C
-52.128,11.044,10.561,O
-50.778,14.805,12.534,N
-50.675,16.219,12.908,C
-49.256,16.752,12.687,C
-49.093,17.917,12.355,O
-51.106,16.448,14.364,C
-52.586,16.242,14.714,C
-52.774,16.400,16.213,C
-53.508,17.191,13.956,C
-48.243,15.902,12.876,N
-46.850,16.274,12.593,C
-46.683,16.604,11.112,C
-46.072,17.608,10.771,O
-45.845,15.155,12.995,C
-45.698,15.080,14.520,C
-44.473,15.387,12.366,C
-44.923,13.845,15.002,C
-47.229,15.750,10.247,N
-47.195,15.967,8.801,C
-47.951,17.251,8.416,C
-47.445,18.053,7.629,O
-47.769,14.755,8.041,C
-47.967,15.079,6.567,C
-46.856,13.533,8.219,C
-49.150,17.434,8.972,N
-49.954,18.638,8.719,C
-49.219,19.901,9.163,C
-49.246,20.900,8.460,O
-51.306,18.555,9.433,C
-52.374,19.590,9.062,C
-52.835,19.414,7.616,C
-53.555,19.485,10.008,C
-48.571,19.830,10.330,N
-47.783,20.933,10.893,C
-46.639,21.352,9.985,C
-46.453,22.539,9.731,O
-47.227,20.535,12.244,C
-45.885,20.371,9.505,N
-44.751,20.613,8.596,C
-45.206,21.216,7.267,C
-44.651,22.209,6.815,O
-43.984,19.310,8.290,C
-43.276,18.777,9.540,C
-42.961,19.534,7.179,C
-42.811,17.358,9.399,C
-46.216,20.606,6.659,N
-46.721,21.051,5.360,C
-47.390,22.440,5.463,C
-47.115,23.305,4.638,O
-47.692,20.011,4.722,C
-48.178,20.489,3.364,C
-47.008,18.642,4.585,C
-48.248,22.640,6.468,N
-48.951,23.916,6.654,C
-47.994,25.077,6.803,C
-48.039,26.025,6.017,O
-49.869,23.866,7.886,C
-50.669,25.123,8.103,C
-51.932,25.254,7.554,C
-50.161,26.176,8.855,C
-52.678,26.414,7.751,C
-50.905,27.336,9.052,C
-52.162,27.450,8.498,C
-47.133,24.985,7.821,N
-46.193,26.040,8.158,C
-45.210,26.409,7.066,C
-44.952,27.592,6.852,O
-44.662,25.402,6.381,N
-43.713,25.636,5.273,C
-44.414,26.145,3.998,C
-43.847,26.968,3.274,O
-42.890,24.395,4.997,C
-41.927,24.083,6.134,C
-40.914,24.758,6.305,O
-42.241,23.063,6.913,N
-45.631,25.656,3.730,N
-46.453,26.245,2.687,C
-46.616,27.731,2.994,C
-46.463,28.558,2.108,O
-47.860,25.599,2.575,C
-48.837,26.549,1.903,C
-47.784,24.286,1.829,C
-46.921,28.049,4.256,N
-47.156,29.441,4.688,C
-45.913,30.335,4.500,C
-46.043,31.494,4.120,O
-47.632,29.482,6.147,C
-48.422,30.705,6.593,C
-49.812,30.716,5.973,C
-48.530,30.738,8.109,C
-44.723,29.789,4.765,N
-43.458,30.517,4.563,C
-43.183,30.795,3.076,C
-42.786,31.903,2.711,O
-42.255,29.741,5.161,C
-40.937,30.380,4.769,C
-42.376,29.647,6.682,C
-43.395,29.787,2.233,N
-43.164,29.906,0.791,C
-44.076,30.960,0.177,C
-43.606,31.844,-0.552,O
-43.379,28.569,0.090,C
-42.253,27.591,0.454,C
-43.430,28.766,-1.409,C
-42.573,26.152,0.127,C
-45.369,30.840,0.491,N
-46.403,31.770,0.067,C
-46.078,33.211,0.454,C
-46.188,34.089,-0.372,O
-47.780,31.399,0.686,C
-48.082,30.019,0.434,O
-48.896,32.281,0.110,C
-45.678,33.423,1.714,N
-45.368,34.762,2.263,C
-44.180,35.464,1.584,C
-44.220,36.665,1.339,O
-45.119,34.666,3.767,C
-43.128,34.712,1.289,N
-41.960,35.250,0.586,C
-42.294,35.462,-0.910,C
-41.898,36.471,-1.503,O
-40.758,34.321,0.745,C
-40.343,34.235,2.227,C
-39.585,34.805,-0.082,C
-39.371,33.129,2.513,C
-43.016,34.511,-1.505,N
-43.420,34.599,-2.913,C
-44.422,35.722,-3.174,C
-44.416,36.311,-4.256,O
-43.999,33.268,-3.385,C
-45.271,36.012,-2.184,N
-46.336,37.010,-2.323,C
-45.932,38.438,-1.965,C
-46.282,39.371,-2.694,O
-47.532,36.605,-1.466,C
-48.667,37.578,-1.530,C
-49.959,36.950,-1.164,C
-51.028,37.983,-1.189,C
-52.299,37.333,-1.081,N
-45.209,38.597,-0.856,N
-44.861,39.919,-0.334,C
-43.457,40.379,-0.743,C
-42.443,39.855,-0.253,O
-45.055,39.943,1.185,C
-46.488,39.744,1.589,C
-46.946,38.513,2.013,C
-47.385,40.799,1.536,C
-48.267,38.334,2.380,C
-48.708,40.621,1.903,C
-49.141,39.382,2.326,C
-43.450,41.369,-1.648,N
-42.247,42.031,-2.208,C
-41.256,42.491,-1.122,C
-40.040,42.414,-1.313,O
-42.699,43.219,-3.080,C
-41.641,43.860,-3.967,C
-42.234,44.940,-4.911,C
-43.321,44.720,-5.505,O
-41.611,46.016,-5.065,O
-41.798,42.964,0.003,N
-41.036,43.318,1.207,C
-40.139,42.177,1.705,C
-39.007,42.409,2.131,O
-42.028,43.691,2.309,C
-41.443,43.980,3.698,C
-42.573,44.340,4.643,C
-42.113,44.841,5.939,
-42.903,45.373,6.882,
-44.231,45.491,6.708,
-42.362,45.796,8.028,
-40.658,40.955,1.648,N
-39.932,39.775,2.097,C
-39.032,39.168,1.011,C
-38.378,38.184,1.272,O
-40.923,38.712,2.602,C
-41.851,39.090,3.769,C
-42.899,37.999,4.007,C
-41.056,39.337,5.038,C
-38.992,39.745,-0.198,N
-38.174,39.189,-1.308,C
-36.720,39.672,-1.264,C
-36.305,40.518,-2.060,O
-38.820,39.500,-2.662,C
-40.120,38.749,-2.856,C
-40.789,39.016,-4.182,C
-40.516,40.018,-4.857,O
-41.681,38.114,-4.569,N
-35.973,39.113,-0.320,N
-34.561,39.413,-0.090,C
-33.747,38.170,-0.355,C
-34.306,37.105,-0.428,O
-34.334,39.778,1.353,C
-34.641,38.639,2.177,O
-35.218,40.953,1.753,C
-32.431,38.303,-0.492,N
-31.561,37.138,-0.771,C
-31.679,36.080,0.342,C
-31.869,34.888,0.050,O
-30.087,37.543,-0.956,C
-29.185,36.325,-0.914,C
-29.900,38.301,-2.270,C
-31.568,36.512,1.597,N
-31.754,35.609,2.736,C
-33.028,34.797,2.566,C
-33.001,33.564,2.645,O
-31.810,36.372,4.062,C
-30.546,37.009,4.283,O
-32.098,35.420,5.213,C
-34.139,35.488,2.321,N
-35.438,34.810,2.146,C
-35.534,33.842,0.957,C
-36.425,32.981,0.941,O
-36.571,35.835,2.123,C
-36.794,36.501,3.503,C
-36.311,36.018,4.539,O
-37.525,37.606,3.513,N
-34.640,33.969,-0.023,N
-34.578,33.002,-1.133,C
-33.995,31.695,-0.599,C
-34.479,30.630,-0.942,O
-33.781,33.529,-2.341,C
-34.536,34.496,-3.245,C
-35.265,35.553,-2.732,C
-34.514,34.348,-4.620,C
-35.957,36.444,-3.555,C
-35.200,35.229,-5.453,C
-35.921,36.278,-4.918,C
-36.603,37.149,-5.771,O
-32.961,31.788,0.238,N
-32.384,30.609,0.904,C
-33.360,30.004,1.903,C
-33.426,28.779,2.046,O
-31.108,30.949,1.666,C
-30.024,31.535,0.817,C
-29.584,30.876,-0.311,C
-29.438,32.748,1.158,C
-28.583,31.413,-1.095,C
-28.449,33.285,0.396,C
-28.013,32.613,-0.749,C
-34.111,30.863,2.595,N
-35.160,30.393,3.485,C
-36.192,29.597,2.692,C
-36.652,28.546,3.151,O
-35.868,31.541,4.197,C
-34.924,32.236,5.203,C
-37.089,31.044,4.929,C
-34.499,31.384,6.367,C
-36.554,30.100,1.506,N
-37.500,29.397,0.644,C
-36.937,28.040,0.264,C
-37.663,27.045,0.296,O
-37.840,30.208,-0.618,C
-38.491,31.424,-0.228,O
-38.747,29.418,-1.548,C
-35.654,28.000,-0.091,N
-34.981,26.740,-0.409,C
-35.030,25.775,0.800,C
-35.270,24.570,0.638,O
-33.546,27.014,-0.877,C
-32.820,25.829,-1.084,O
-34.810,26.318,1.995,N
-34.911,25.567,3.255,C
-36.351,25.067,3.482,C
-36.565,23.897,3.819,O
-34.437,26.455,4.418,C
-34.085,25.884,5.771,C
-33.026,24.797,5.661,C
-33.614,27.061,6.695,C
-37.326,25.958,3.290,N
-38.758,25.610,3.373,C
-39.206,24.520,2.362,C
-40.112,23.747,2.658,O
-39.613,26.864,3.200,C
-38.578,24.461,1.184,N
-38.911,23.411,0.176,C
-38.399,22.039,0.601,C
-39.084,21.047,0.401,O
-38.350,23.752,-1.195,C
-39.135,25.162,-1.970,S
-37.197,22.000,1.181,N
-36.609,20.774,1.704,C
-37.457,20.206,2.846,C
-37.644,18.997,2.947,O
-35.174,21.031,2.172,C
-37.964,21.083,3.698,N
-38.859,20.676,4.783,C
-40.240,20.312,4.244,C
-40.872,19.384,4.743,O
-38.934,21.775,5.847,C
-37.609,21.931,6.630,C
-36.914,20.899,6.889,O
-37.258,23.081,6.992,O
-40.712,21.034,3.237,N
-42.008,20.683,2.616,C
-41.960,19.284,2.009,C
-42.889,18.505,2.184,O
-42.430,21.705,1.562,C
-43.828,21.494,0.969,C
-44.896,21.346,2.048,C
-44.193,22.645,-0.015,C
-40.877,18.972,1.302,N
-40.686,17.628,0.713,C
-40.559,16.537,1.815,C
-41.066,15.426,1.647,O
-39.475,17.608,-0.253,C
-39.202,16.216,-0.740,C
-39.713,18.581,-1.445,C
-39.889,16.859,2.923,N
-39.862,15.968,4.099,C
-41.282,15.658,4.578,C
-41.632,14.503,4.804,O
-39.088,16.603,5.245,C
-37.580,16.550,5.089,C
-36.812,15.024,5.666,S
-37.447,15.024,7.316,C
-42.089,16.703,4.725,N
-43.480,16.564,5.170,C
-44.416,15.795,4.250,C
-45.350,15.161,4.730,O
-44.169,15.853,2.939,N
-45.010,15.170,1.939,C
-44.469,13.816,1.460,C
-45.224,12.859,1.294,O
-45.195,16.069,0.702,C
-45.901,17.406,0.885,C
-45.933,18.147,-0.445,C
-47.316,17.232,1.430,C
-43.166,13.751,1.237,N
-42.540,12.584,0.628,C
-41.858,11.673,1.615,C
-41.825,10.482,1.377,O
-41.533,13.043,-0.426,C
-41.319,12.218,2.710,N
-40.544,11.419,3.678,C
-41.349,11.025,4.910,C
-41.584,9.860,5.132,O
-39.254,12.136,4.110,C
-38.400,11.213,4.969,C
-38.467,12.587,2.885,C
-41.773,11.995,5.707,N
-42.455,11.692,7.002,C
-43.718,10.799,6.915,C
-43.894,9.940,7.783,O
-42.798,12.999,7.819,C
-43.506,12.655,9.148,C
-41.549,13.826,8.093,C
-44.588,10.984,5.886,N
-45.792,10.131,5.828,C
-45.514,8.629,5.696,C
-46.204,7.831,6.322,O
-46.529,10.654,4.580,C
-46.040,12.026,4.413,C
-44.581,11.922,4.748,C
-44.517,8.266,4.895,N
-44.153,6.857,4.707,C
-43.325,6.300,5.850,C
-43.466,5.124,6.182,O
-43.434,6.665,3.380,C
-44.258,7.080,2.177,C
-45.600,6.699,2.046,C
-43.709,7.840,1.186,C
-46.350,7.082,0.940,C
-44.469,8.219,0.076,C
-45.780,7.839,-0.040,C
-42.468,7.125,6.444,N
-41.738,6.731,7.650,C
-42.728,6.369,8.749,C
-42.572,5.341,9.402,O
-43.747,7.223,8.939,N
-44.835,6.994,9.912,C
-45.543,5.664,9.680,C
-45.668,4.853,10.604,O
-45.849,8.129,9.849,C
-45.999,5.464,8.437,N
-46.699,4.241,8.013,C
-45.850,2.998,8.219,C
-46.355,1.985,8.671,O
-47.131,4.348,6.541,C
-44.566,3.098,7.881,N
-43.592,2.022,8.080,C
-43.521,1.575,9.543,C
-43.429,0.383,9.818,O
-42.216,2.487,7.579,C
-41.151,1.442,7.633,C
-39.816,1.752,7.759,N
-41.220,0.094,7.579,C
-39.110,0.635,7.779,C
-39.939,-0.386,7.671,N
-43.568,2.533,10.464,N
-43.534,2.243,11.901,C
-44.855,1.668,12.417,C
-44.853,0.680,13.162,O
-43.193,3.506,12.720,C
-41.745,3.911,12.482,C
-43.404,3.262,14.201,C
-41.379,5.210,13.108,C
-45.967,2.283,12.024,N
-47.302,1.855,12.478,C
-47.729,0.492,11.925,C
-48.401,-0.271,12.626,O
-48.347,2.916,12.119,C
-48.202,4.255,12.843,C
-49.033,5.334,12.164,C
-48.587,4.110,14.306,C
-47.346,0.195,10.685,N
-47.635,-1.103,10.066,C
-46.592,-2.157,10.421,C
-46.849,-3.336,10.242,O
-47.727,-0.965,8.552,C
-48.948,-0.212,8.114,C
-48.947,0.080,6.357,S
-50.698,0.372,6.060,C
-45.429,-1.717,10.918,N
-44.302,-2.598,11.317,C
-43.720,-3.385,10.128,C
-43.216,-4.494,10.294,O
-44.705,-3.535,12.483,C
-45.084,-2.800,13.750,C
-45.946,-3.663,14.664,C
-46.262,-2.937,15.971,C
-46.864,-1.569,15.763,N
-43.797,-2.788,8.941,N
-43.317,-3.387,7.703,C
-43.508,-2.378,6.592,C
-44.326,-1.458,6.720,O
-44.045,-4.706,7.375,C
-45.573,-4.628,7.326,C
-46.226,-4.350,5.681,S
-45.936,-5.962,4.938,C
-42.754,-2.552,5.510,N
-42.823,-1.681,4.333,C
-43.856,-2.268,3.372,C
-43.802,-3.441,3.079,O
-41.444,-1.587,3.691,C
-41.339,-0.599,2.633,C
-41.293,-0.838,1.306,C
-41.262,0.821,2.788,C
-41.195,0.331,0.624,N
-41.172,1.368,1.505,C
-41.262,1.680,3.887,C
-41.083,2.737,1.277,C
-41.172,3.054,3.664,C
-41.083,3.564,2.370,C
-44.795,-1.451,2.892,N
-45.840,-1.896,1.924,C
-45.766,-1.236,0.546,C
-46.562,-1.571,-0.333,O
-47.266,-1.597,2.444,C
-47.509,-0.178,2.405,O
-47.446,-2.076,3.842,C
-44.829,-0.312,0.355,N
-44.748,0.499,-0.870,C
-43.772,-0.083,-1.920,C
-43.621,0.485,-3.018,O
-44.414,1.947,-0.481,C
-45.268,2.457,0.663,C
-44.766,2.495,1.965,C
-46.572,2.887,0.438,C
-45.552,2.961,3.028,C
-47.364,3.354,1.493,C
-46.853,3.391,2.789,C
-43.122,-1.207,-1.581,N
-42.234,-1.922,-2.502,C
-40.821,-1.391,-2.546,C
-40.552,-0.299,-2.091,O
-39.916,-2.184,-3.114,N
-38.484,-1.824,-3.165,C
-38.129,-0.574,-3.956,C
-37.251,0.175,-3.515,O
-37.626,-2.998,-3.690,C
-37.420,-4.108,-2.651,C
-37.242,-5.271,-3.012,O
-37.444,-3.753,-1.363,N
-38.782,-0.339,-5.098,N
-38.478,0.860,-5.884,C
-38.644,2.100,-5.041,C
-37.710,2.895,-4.906,O
-39.367,1.020,-7.116,C
-39.279,2.408,-7.727,C
-38.129,2.802,-8.421,C
-40.337,3.321,-7.603,C
-38.031,4.072,-8.984,C
-40.248,4.598,-8.164,C
-39.091,4.975,-8.857,C
-39.839,2.255,-4.478,N
-40.134,3.416,-3.670,C
-39.295,3.456,-2.357,C
-38.972,4.534,-1.899,O
-41.645,3.562,-3.386,C
-41.870,4.799,-2.623,C
-42.157,4.889,-1.318,C
-41.810,6.147,-3.120,C
-42.288,6.182,-0.950,N
-42.082,6.994,-2.033,C
-41.556,6.716,-4.381,C
-42.109,8.401,-2.155,C
-41.583,8.115,-4.507,C
-41.860,8.938,-3.391,C
-38.952,2.302,-1.775,N
-38.086,2.278,-0.573,C
-36.763,2.982,-0.834,C
-36.332,3.831,-0.045,O
-37.827,0.848,-0.097,C
-36.530,0.694,1.167,S
-36.137,2.618,-1.946,N
-34.882,3.219,-2.380,C
-35.054,4.698,-2.773,C
-34.185,5.521,-2.469,O
-34.337,2.411,-3.542,C
-33.001,2.841,-4.117,C
-32.677,2.072,-5.397,C
-32.915,0.843,-5.452,O
-32.186,2.688,-6.352,O
-36.166,5.025,-3.445,N
-36.458,6.414,-3.816,C
-36.705,7.236,-2.556,C
-36.073,8.275,-2.357,O
-37.676,6.506,-4.729,C
-37.744,7.783,-5.526,C
-37.339,7.799,-6.868,C
-38.205,8.965,-4.961,C
-37.396,8.977,-7.621,C
-38.262,10.149,-5.720,C
-37.858,10.148,-7.043,C
-37.628,6.752,-1.723,N
-37.960,7.358,-0.431,C
-36.701,7.635,0.361,C
-36.504,8.752,0.807,O
-38.866,6.437,0.371,C
-39.102,6.855,1.747,C
-39.862,7.878,2.149,C
-38.569,6.248,2.938,C
-39.847,7.967,3.516,N
-39.062,6.979,4.025,C
-37.720,5.156,3.187,C
-38.747,6.669,5.347,C
-37.404,4.849,4.532,C
-37.919,5.602,5.575,C
-35.861,6.607,0.518,N
-34.570,6.747,1.190,C
-33.707,7.863,0.621,C
-33.116,8.624,1.385,O
-33.757,5.477,1.102,C
-34.491,4.404,1.699,O
-32.427,5.645,1.830,C
-33.636,7.959,-0.709,N
-32.849,9.017,-1.387,C
-33.343,10.443,-1.092,C
-32.524,11.356,-0.899,O
-32.825,8.802,-2.909,C
-32.247,7.565,-3.262,O
-34.669,10.626,-1.063,N
-35.290,11.938,-0.786,C
-35.011,12.365,0.650,C
-34.706,13.535,0.916,O
-36.819,11.916,-1.006,C
-37.174,11.632,-2.476,C
-37.426,13.234,-0.645,C
-38.665,11.518,-2.704,C
-35.126,11.403,1.557,N
-34.823,11.584,2.973,C
-33.435,12.218,3.102,C
-33.311,13.328,3.600,O
-34.916,10.225,3.681,C
-35.001,10.325,5.163,C
-34.453,11.263,5.771,O
-35.644,9.419,5.727,O
-32.415,11.501,2.640,N
-31.016,11.951,2.687,C
-30.790,13.289,1.934,C
-30.022,14.132,2.409,O
-30.070,10.827,2.158,C
-28.657,11.338,1.891,C
-30.054,9.643,3.147,C
-31.455,13.467,0.780,N
-31.356,14.717,-0.015,C
-31.817,15.929,0.773,C
-31.084,16.909,0.895,O
-32.193,14.621,-1.314,C
-32.357,15.859,-2.238,C
-31.014,16.399,-2.735,C
-33.278,15.542,-3.431,C
-33.039,15.841,1.297,N
-33.670,16.941,2.034,C
-32.868,17.364,3.251,C
-32.711,18.570,3.492,O
-35.112,16.586,2.437,C
-36.268,16.557,1.013,S
-32.365,16.391,4.010,N
-31.509,16.695,5.167,C
-30.188,17.351,4.725,C
-29.729,18.311,5.369,O
-31.217,15.439,6.020,C
-30.199,15.737,7.098,C
-32.503,14.916,6.641,C
-29.592,16.837,3.635,N
-28.329,17.366,3.096,C
-28.501,18.788,2.575,C
-27.710,19.656,2.916,O
-27.767,16.482,1.949,C
-27.512,15.161,2.433,O
-26.471,17.066,1.389,C
-29.534,19.013,1.752,N
-29.857,20.351,1.220,C
-30.142,21.361,2.334,C
-29.750,22.521,2.226,O
-31.054,20.284,0.243,C
-30.818,20.920,3.394,N
-31.124,21.803,4.531,C
-29.861,22.374,5.153,C
-29.724,23.598,5.252,O
-31.927,21.071,5.584,C
-33.202,20.758,5.077,O
-28.945,21.500,5.562,N
-27.694,21.946,6.223,C
-26.767,22.684,5.253,C
-26.066,23.606,5.668,O
-26.922,20.782,6.903,C
-25.776,21.297,7.823,C
-26.349,19.826,5.858,C
-26.149,22.421,8.816,C
-26.758,22.289,3.977,N
-25.957,23.013,2.976,C
-26.477,24.430,2.815,C
-25.684,25.357,2.719,O
-25.936,22.298,1.619,C
-25.042,21.050,1.616,C
-24.898,20.393,0.249,C
-25.210,21.034,-0.777,O
-24.464,19.221,0.208,O
-27.804,24.585,2.788,N
-28.437,25.916,2.693,C
-28.141,26.762,3.909,C
-27.722,27.903,3.768,O
-29.940,25.819,2.596,C
-30.275,24.924,1.534,O
-30.539,27.214,2.354,C
-28.364,26.197,5.099,N
-28.044,26.877,6.330,C
-26.624,27.353,6.294,C
-26.349,28.465,6.684,O
-28.230,25.963,7.561,C
-29.654,25.655,7.991,C
-29.643,24.635,9.128,C
-30.358,26.930,8.384,C
-25.726,26.509,5.822,N
-24.319,26.880,5.727,C
-24.087,28.030,4.746,C
-23.222,28.868,4.985,O
-23.474,25.682,5.322,C
-21.781,25.957,5.620,S
-24.860,28.059,3.652,N
-24.803,29.161,2.654,C
-25.327,30.458,3.269,C
-24.820,31.529,2.959,O
-25.612,28.848,1.381,C
-25.614,30.050,0.435,C
-25.056,27.612,0.682,C
-26.341,30.352,4.138,N
-26.902,31.527,4.840,C
-25.846,32.137,5.724,C
-25.706,33.342,5.750,O
-28.150,31.200,5.671,C
-29.301,30.720,4.782,C
-28.636,32.429,6.410,C
-30.450,30.161,5.540,C
-25.105,31.298,6.440,N
-24.031,31.756,7.323,C
-22.929,32.481,6.577,C
-22.493,33.544,7.004,O
-23.443,30.585,8.092,C
-22.480,31.905,5.463,N
-21.415,32.529,4.657,C
-21.923,33.853,4.062,C
-21.212,34.853,4.092,O
-20.878,31.595,3.556,C
-19.835,32.328,2.689,C
-20.285,30.331,4.172,C
-23.149,33.836,3.536,N
-23.812,35.034,2.993,C
-23.965,36.125,4.036,C
-23.668,37.270,3.758,O
-25.195,34.686,2.460,C
-25.925,35.902,1.916,C
-25.369,36.570,1.008,O
-27.049,36.181,2.399,O
-24.434,35.770,5.243,N
-24.520,36.762,6.342,C
-23.143,37.268,6.778,C
-23.021,38.445,7.169,O
-25.291,36.222,7.544,C
-26.791,35.942,7.317,C
-27.581,37.208,7.051,C
-27.386,37.707,5.685,N
-27.690,38.934,5.244,C
-28.227,39.861,6.051,N
-27.454,39.237,3.969,N
-22.112,36.414,6.716,N
-20.772,36.872,7.091,C
-20.300,37.951,6.123,C
-19.816,38.995,6.553,O
-19.744,35.746,7.153,C
-18.362,36.288,7.466,C
-17.989,36.601,8.780,C
-17.433,36.492,6.460,C
-16.716,37.102,9.068,C
-16.170,36.989,6.731,C
-15.809,37.293,8.025,C
-14.542,37.787,8.266,O
-20.435,37.715,4.827,N
-20.010,38.759,3.860,C
-20.920,39.992,3.920,C
-20.427,41.103,3.794,O
-19.846,38.184,2.456,C
-18.650,37.278,2.342,C
-17.352,37.802,2.445,C
-18.799,35.914,2.140,C
-16.228,36.981,2.345,C
-17.667,35.081,2.039,C
-16.385,35.620,2.143,C
-22.221,39.790,4.120,N
-23.141,40.911,4.273,C
-22.724,41.816,5.416,C
-22.633,43.022,5.229,O
-24.562,40.422,4.491,C
-22.465,41.241,6.589,N
-22.145,42.039,7.792,C
-20.732,42.639,7.824,C
-20.483,43.567,8.604,O
-22.361,41.205,9.107,C
-22.694,42.122,10.290,C
-21.151,40.315,9.387,C
-23.130,41.371,11.531,C
-19.819,42.123,6.998,N
-18.450,42.658,6.911,C
-18.272,43.602,5.722,C
-17.205,44.194,5.560,O
-17.408,41.523,6.791,C
-17.656,40.755,5.612,O
-17.478,40.622,7.980,C
-19.312,43.743,4.890,N
-19.224,44.546,3.673,C
-19.370,46.004,4.020,C
-20.079,46.302,4.923,O
-20.327,44.159,2.678,C
-20.402,45.088,1.612,O
-18.693,46.924,3.292,N
-18.908,48.362,3.552,C
-20.342,48.823,3.196,C
-20.791,49.845,3.689,O
-17.875,49.042,2.656,C
-16.952,47.966,2.220,C
-17.713,46.719,2.207,C
-21.030,48.053,2.343,N
-22.436,48.228,2.012,C
-23.097,47.194,2.924,C
-23.703,46.209,2.451,O
-22.686,47.948,0.517,C
-21.537,48.366,-0.376,C
-20.705,47.417,-0.943,C
-21.291,49.686,-0.634,C
-19.676,47.789,-1.736,C
-20.261,50.061,-1.427,C
-19.448,49.112,-1.982,C
-22.970,47.430,4.239,N
-23.326,46.437,5.288,C
-24.732,45.890,5.161,C
-25.668,46.622,4.835,O
-23.144,47.003,6.710,C
-21.716,47.263,7.104,C
-21.533,47.754,8.540,C
-20.068,48.178,8.748,C
-19.803,48.731,10.115,
-24.836,44.589,5.424,N
-26.070,43.783,5.383,C
-26.642,43.451,3.984,C
-27.393,42.477,3.859,O
-27.154,44.369,6.294,C
-26.773,44.254,7.729,C
-27.055,43.095,8.434,C
-26.132,45.293,8.380,C
-26.717,42.968,9.747,C
-25.777,45.189,9.716,C
-26.071,44.020,10.400,C
-25.728,43.897,11.720,O
-26.313,44.220,2.958,N
-26.686,43.826,1.640,C
-25.823,42.632,1.368,C
-24.602,42.682,1.609,O
-26.375,44.883,0.590,C
-27.186,46.134,0.674,C
-26.769,47.145,-0.388,C
-26.382,46.780,-1.508,O
-26.847,48.425,-0.040,N
-26.446,41.562,0.879,N
-25.716,40.420,0.415,C
-24.884,40.866,-0.772,C
-25.320,41.731,-1.554,O
-26.662,39.315,-0.030,C
-25.960,38.321,-0.743,O
-23.695,40.284,-0.913,N
-22.854,40.541,-2.082,C
-23.461,39.937,-3.371,C
-23.012,40.278,-4.477,O
-21.433,40.007,-1.867,C
-20.660,40.517,-0.639,C
-19.218,40.045,-0.740,C
-20.714,42.055,-0.474,C
-24.466,39.056,-3.210,N
-25.162,38.394,-4.293,C
-26.417,39.116,-4.759,C
-27.158,39.675,-3.951,O
-25.610,36.999,-3.836,C
-24.572,36.016,-3.326,C
-25.249,34.715,-2.973,C
-23.502,35.785,-4.364,C
-26.645,39.095,-6.070,N
-27.901,39.539,-6.654,C
-28.928,38.413,-6.482,C
-28.574,37.282,-6.104,O
-27.772,39.850,-8.156,C
-27.440,38.650,-8.860,O
-26.702,40.917,-8.423,C
-30.193,38.719,-6.760,N
-31.279,37.718,-6.687,C
-30.999,36.539,-7.633,C
-31.219,35.383,-7.267,O
-32.646,38.315,-7.052,C
-33.107,39.543,-6.264,C
-33.377,39.263,-4.815,C
-33.758,40.559,-4.072,C
-35.048,41.155,-4.556,N
-30.512,36.843,-8.843,N
-30.199,35.809,-9.849,C
-29.023,34.912,-9.476,C
-29.113,33.689,-9.647,O
-29.958,36.431,-11.244,C
-31.254,36.824,-11.956,C
-32.355,36.395,-11.586,O
-31.121,37.648,-12.993,N
-27.933,35.503,-8.976,N
-26.801,34.706,-8.474,C
-27.254,33.809,-7.319,C
-26.822,32.672,-7.232,O
-25.662,35.562,-7.950,C
-25.007,36.526,-8.914,C
-24.001,37.409,-8.129,C
-23.690,38.747,-8.790,C
-23.014,39.645,-7.773,N
-28.120,34.331,-6.441,N
-28.684,33.545,-5.325,C
-29.457,32.309,-5.827,C
-29.337,31.239,-5.245,O
-29.572,34.416,-4.440,C
-30.243,32.465,-6.900,N
-30.945,31.314,-7.511,C
-29.983,30.249,-8.022,C
-30.272,29.057,-7.913,O
-31.836,31.709,-8.690,C
-33.284,32.095,-8.376,C
-33.576,33.556,-8.598,C
-34.990,33.794,-8.884,N
-35.510,34.981,-9.220,C
-34.743,36.084,-9.325,N
-36.820,35.073,-9.458,
-28.852,30.684,-8.579,N
-27.825,29.767,-9.081,C
-27.144,29.030,-7.919,C
-26.878,27.845,-8.023,O
-26.806,30.502,-9.987,C
-25.612,29.617,-10.311,C
-27.486,30.934,-11.274,C
-26.874,29.734,-6.824,N
-26.278,29.102,-5.632,C
-27.235,28.053,-5.074,C
-26.812,26.945,-4.733,O
-25.954,30.101,-4.523,C
-24.899,31.127,-4.966,C
-25.402,29.373,-3.320,C
-23.488,30.564,-5.063,C
-28.517,28.416,-4.990,N
-29.570,27.497,-4.545,C
-29.645,26.286,-5.461,C
-29.565,25.159,-5.001,O
-30.943,28.192,-4.490,C
-30.975,29.183,-3.328,C
-32.072,27.170,-4.312,C
-32.130,30.133,-3.371,C
-29.793,26.521,-6.754,N
-29.826,25.411,-7.725,C
-28.604,24.497,-7.543,C
-28.744,23.279,-7.543,O
-29.912,25.930,-9.158,C
-29.837,24.903,-10.297,C
-30.845,23.769,-10.095,C
-30.038,25.585,-11.666,C
-27.423,25.100,-7.384,N
-26.186,24.339,-7.184,C
-26.181,23.568,-5.871,C
-25.571,22.504,-5.801,O
-24.945,25.247,-7.281,C
-24.609,25.744,-8.716,C
-24.284,24.442,-9.942,
-24.128,25.398,-11.458,C
-26.851,24.094,-4.841,N
-27.000,23.370,-3.572,C
-27.835,22.098,-3.784,C
-27.447,21.022,-3.327,O
-27.624,24.250,-2.448,C
-28.152,23.382,-1.321,C
-26.613,25.269,-1.942,C
-28.969,22.227,-4.472,N
-29.817,21.046,-4.777,C
-29.131,20.024,-5.683,C
-29.313,18.824,-5.482,O
-31.188,21.469,-5.310,C
-31.961,21.950,-4.183,C
-32.015,23.217,-3.719,C
-32.803,21.173,-3.333,C
-32.842,23.290,-2.632,N
-33.342,22.050,-2.371,C
-33.157,19.822,-3.292,C
-34.220,21.625,-1.374,C
-34.026,19.396,-2.307,C
-34.549,20.299,-1.358,C
-28.354,20.495,-6.663,N
-27.572,19.595,-7.526,C
-26.509,18.840,-6.713,C
-26.416,17.626,-6.830,O
-26.892,20.332,-8.696,C
-27.933,20.757,-9.735,C
-25.861,19.431,-9.354,C
-27.359,21.529,-10.923,C
-25.725,19.564,-5.903,N
-24.672,18.947,-5.073,C
-25.257,17.970,-4.047,C
-24.738,16.864,-3.877,O
-23.805,20.011,-4.357,C
-22.910,19.378,-3.297,C
-22.962,20.777,-5.377,C
-26.332,18.388,-3.376,N
-27.052,17.522,-2.436,C
-27.588,16.253,-3.127,C
-27.565,15.175,-2.540,O
-28.203,18.277,-1.783,C
-27.721,19.391,-1.043,O
-28.067,16.399,-4.367,N
-28.559,15.268,-5.165,C
-27.418,14.346,-5.559,C
-27.536,13.134,-5.495,O
-26.313,14.958,-5.965,N
-25.098,14.253,-6.355,C
-24.517,13.473,-5.171,C
-23.962,12.407,-5.356,O
-24.044,15.248,-6.908,C
-23.153,14.848,-8.081,C
-23.978,14.520,-9.308,C
-22.183,15.984,-8.386,C
-24.650,14.007,-3.958,N
-24.150,13.328,-2.751,C
-25.196,12.399,-2.061,C
-24.814,11.585,-1.225,O
-23.560,14.350,-1.758,C
-24.500,15.405,-1.514,O
-22.291,14.950,-2.337,C
-26.485,12.525,-2.415,N
-27.562,11.705,-1.832,C
-28.057,10.621,-2.778,C
-28.029,9.438,-2.432,O
-28.745,12.583,-1.454,C
-29.324,13.166,-2.614,O
-28.512,11.027,-3.967,N
-29.078,10.078,-4.951,C
-28.042,9.150,-5.573,C
-28.313,7.967,-5.704,O
-29.884,10.789,-6.073,C
-31.350,10.954,-5.753,C
-32.307,10.148,-6.362,C
-31.773,11.910,-4.847,C
-33.659,10.302,-6.066,C
-33.124,12.065,-4.551,C
-34.062,11.265,-5.155,C
-26.870,9.673,-5.954,N
-25.839,8.813,-6.579,C
-25.510,7.568,-5.738,C
-25.725,6.477,-6.235,O
-24.543,9.568,-6.947,C
-24.431,10.342,-8.250,C
-23.003,10.847,-8.415,C
-24.815,9.492,-9.427,C
-25.003,7.727,-4.480,N
-24.657,6.540,-3.663,C
-25.803,5.561,-3.419,C
-25.578,4.352,-3.439,O
-24.226,7.145,-2.321,C
-23.858,8.515,-2.614,C
-24.720,8.968,-3.734,C
-27.007,6.086,-3.191,N
-28.181,5.246,-2.931,C
-28.670,4.542,-4.207,C
-28.974,3.347,-4.167,O
-29.316,6.029,-2.245,C
-28.845,6.522,-0.876,C
-30.538,5.150,-2.069,C
-29.913,7.192,-0.059,C
-28.743,5.274,-5.322,N
-29.161,4.691,-6.617,C
-28.056,3.817,-7.243,C
-28.374,2.864,-7.960,O
-29.606,5.780,-7.616,C
-30.766,6.740,-7.123,C
-32.159,6.134,-7.119,C
-32.370,5.018,-7.557,O
-33.123,6.895,-6.614,N
-26.777,4.134,-6.981,N
-25.636,3.286,-7.436,C
-25.340,2.113,-6.493,C
-24.487,1.279,-6.816,O
-24.336,4.104,-7.631,C
-24.315,5.014,-8.854,C
-24.372,4.141,-10.445,S
-22.962,3.018,-10.356,C
-26.032,2.056,-5.346,N
-25.909,0.954,-4.373,C
-24.544,0.943,-3.621,C
-24.082,-0.107,-3.168,O
-26.218,-0.415,-5.050,C
-27.640,-0.563,-5.505,C
-28.273,-1.780,-5.517,N
-28.552,0.332,-5.957,C
-29.509,-1.639,-5.954,C
-29.705,-0.364,-6.229,N
-23.915,2.116,-3.495,N
-22.647,2.253,-2.758,C
-22.823,2.178,-1.244,C
-21.888,1.833,-0.520,O
-21.953,3.576,-3.084,C
-21.492,3.720,-4.491,C
-21.496,2.766,-5.475,C
-20.939,4.893,-5.079,C
-20.988,3.281,-6.631,N
-20.636,4.585,-6.419,C
-20.671,6.184,-4.602,C
-20.079,5.517,-7.291,C
-20.115,7.115,-5.470,C
-19.825,6.777,-6.799,C
-24.018,2.505,-0.777,N
-24.330,2.478,0.643,C
-24.461,1.103,1.261,C
-24.328,0.993,2.451,O
-25.646,3.224,0.916,C
-26.913,2.473,0.522,C
-27.679,1.794,1.475,C
-27.340,2.442,-0.798,C
-28.838,1.110,1.111,C
-28.489,1.767,-1.174,C
-29.234,1.104,-0.221,C
-30.365,0.439,-0.601,O
-24.709,0.070,0.457,N
-25.158,-1.227,0.984,C
-24.093,-2.047,1.678,C
-22.922,-1.998,1.313,O
-25.819,-2.057,-0.136,C
-26.861,-1.242,-0.863,C
-28.068,-1.948,-1.318,C
-27.867,-2.850,-2.413,N
-28.850,-3.346,-3.172,C
-30.142,-3.019,-2.963,N
-28.541,-4.184,-4.169,N
-24.539,-2.793,2.689,N
-23.696,-3.687,3.454,C
-23.664,-5.020,2.737,C
-24.541,-5.308,1.920,O
-24.231,-3.853,4.854,C
-22.651,-5.821,3.056,N
-22.421,-7.128,2.422,C
-22.741,-8.348,3.319,C
-22.430,-9.481,2.947,O
-20.959,-7.215,1.944,C
-20.080,-7.111,3.071,O
-20.656,-6.090,0.961,C
-23.358,-8.123,4.482,N
-23.719,-9.227,5.397,C
-25.129,-9.723,5.047,C
-25.924,-8.985,4.473,O
-23.574,-8.824,6.878,C
-24.512,-7.752,7.320,C
-24.229,-6.410,7.189,N
-25.731,-7.825,7.895,C
-25.238,-5.702,7.664,C
-26.163,-6.537,8.098,N
-25.413,-10.973,5.405,N
-26.652,-11.670,4.994,C
-27.968,-11.024,5.453,C
-28.903,-10.937,4.667,O
-26.624,-13.140,5.467,C
-27.540,-14.079,4.668,C
-27.127,-14.218,3.201,C
-25.963,-14.006,2.838,O
-28.082,-14.578,2.355,N
-28.026,-10.587,6.713,N
-29.224,-9.915,7.278,C
-29.656,-8.694,6.441,C
-30.854,-8.437,6.268,O
-28.957,-9.518,8.738,C
-30.098,-8.829,9.499,C
-29.685,-8.430,10.920,C
-30.024,-7.303,11.336,O
-29.022,-9.239,11.618,O
-28.666,-7.962,5.929,N
-28.887,-6.814,5.061,C
-29.359,-7.291,3.699,C
-30.389,-6.828,3.201,O
-27.610,-6.005,4.921,C
-28.592,-8.218,3.110,N
-28.905,-8.843,1.800,C
-30.356,-9.336,1.743,C
-31.047,-9.109,0.745,O
-27.924,-10.003,1.453,C
-26.515,-9.466,1.192,C
-28.387,-10.756,0.226,C
-25.478,-10.540,0.959,C
-30.796,-10.000,2.817,N
-32.185,-10.442,2.958,C
-33.152,-9.263,2.924,C
-34.160,-9.323,2.232,O
-32.392,-11.225,4.260,C
-31.725,-12.586,4.246,C
-30.711,-12.800,3.586,O
-32.301,-13.522,4.984,N
-32.835,-8.200,3.671,N
-33.675,-6.990,3.698,C
-33.742,-6.278,2.348,C
-34.791,-5.743,1.982,O
-33.189,-5.995,4.751,C
-34.281,-4.556,4.896,S
-32.630,-6.270,1.614,N
-32.588,-5.626,0.289,C
-33.500,-6.328,-0.693,C
-34.322,-5.683,-1.354,O
-31.165,-5.597,-0.278,C
-30.177,-4.798,0.552,C
-30.497,-3.522,1.018,C
-28.923,-5.313,0.866,C
-29.604,-2.797,1.769,C
-28.021,-4.589,1.618,C
-28.365,-3.334,2.066,C
-27.471,-2.621,2.811,O
-33.344,-7.645,-0.776,N
-34.189,-8.489,-1.622,C
-35.659,-8.474,-1.178,C
-36.557,-8.506,-2.023,O
-33.661,-9.914,-1.627,C
-35.887,-8.422,0.140,N
-37.237,-8.399,0.713,C
-37.976,-7.085,0.400,C
-37.549,-5.998,0.814,O
-37.181,-8.643,2.234,C
-38.523,-8.617,2.992,C
-39.521,-9.671,2.533,C
-39.137,-10.643,1.845,O
-40.711,-9.530,2.863,O
-39.081,-7.216,-0.334,N
-39.930,-6.085,-0.751,C
-40.619,-5.361,0.404,C
-40.897,-4.161,0.292,O
-40.983,-6.562,-1.747,C
-42.048,-7.458,-1.121,C
-42.614,-8.463,-2.084,C
-42.812,-8.122,-3.268,O
-42.866,-9.605,-1.652,O
-40.891,-6.089,1.496,N
-41.533,-5.512,2.676,C
-40.541,-5.063,3.755,C
-40.961,-4.656,4.836,O
-42.562,-6.481,3.300,C
-41.883,-7.617,3.843,O
-43.580,-6.923,2.252,C
-39.242,-5.131,3.464,N
-38.209,-4.690,4.377,C
-37.588,-3.443,3.799,C
-37.131,-3.464,2.658,O
-37.136,-5.755,4.545,C
-35.924,-5.347,5.847,S
-37.574,-2.368,4.582,N
-36.955,-1.110,4.175,C
-36.140,-0.537,5.329,C
-36.450,0.523,5.856,O
-38.024,-0.135,3.680,C
-37.383,1.370,2.899,S
-35.091,-1.270,5.703,N
-34.141,-0.851,6.741,C
-32.909,-0.347,6.054,C
-32.428,-0.979,5.114,O
-33.762,-2.005,7.667,C
-34.889,-2.419,8.586,C
-35.724,-1.561,8.959,O
-34.941,-3.619,8.943,O
-32.388,0.785,6.517,N
-31.237,1.416,5.890,C
-29.909,0.865,6.443,C
-29.160,1.573,7.133,O
-31.351,2.947,6.043,C
-30.399,3.730,5.175,C
-30.300,3.471,3.793,C
-29.600,4.736,5.724,C
-29.428,4.189,2.984,C
-28.718,5.465,4.905,C
-28.638,5.183,3.528,C
-29.641,-0.409,6.127,N
-28.376,-1.061,6.455,C
-27.340,-0.493,5.527,C
-27.542,-0.522,4.308,O
-28.423,-2.577,6.235,C
-29.226,-3.318,7.256,C
-28.674,-3.630,8.499,C
-30.534,-3.712,6.984,C
-29.412,-4.320,9.457,C
-31.282,-4.405,7.936,C
-30.720,-4.709,9.176,C
-26.241,0.022,6.087,N
-25.157,0.559,5.278,C
-23.811,-0.039,5.644,C
-23.636,-0.565,6.748,O
-25.034,2.092,5.403,C
-24.316,2.431,6.598,O
-26.415,2.762,5.409,C
-22.863,0.047,4.709,N
-21.483,-0.332,4.996,C
-20.870,0.823,5.783,C
-21.350,1.967,5.694,O
-20.676,-0.721,3.732,C
-20.478,0.426,2.743,C
-19.940,1.481,3.071,O
-20.920,0.205,1.515,N
-19.824,0.524,6.544,N
-19.195,1.507,7.446,C
-18.570,2.687,6.711,C
-18.745,3.832,7.137,O
-18.141,0.829,8.319,C
-18.723,-0.221,9.264,C
-17.662,-1.017,9.977,C
-16.556,-0.528,10.223,O
-17.988,-2.262,10.319,N
-17.855,2.400,5.617,N
-17.222,3.430,4.772,C
-18.229,4.480,4.309,C
-17.926,5.672,4.310,O
-16.540,2.796,3.576,C
-19.420,4.027,3.916,N
-20.503,4.925,3.544,C
-21.001,5.678,4.753,C
-21.162,6.889,4.697,O
-21.685,4.168,2.935,C
-22.897,5.054,2.714,C
-23.009,5.831,1.566,C
-23.932,5.113,3.655,C
-24.128,6.657,1.352,C
-25.051,5.933,3.453,C
-25.141,6.702,2.298,C
-26.236,7.509,2.088,O
-21.245,4.942,5.840,N
-21.723,5.531,7.100,C
-20.840,6.697,7.533,C
-21.354,7.739,7.890,O
-21.789,4.486,8.183,C
-19.520,6.505,7.489,N
-18.559,7.565,7.830,C
-18.514,8.680,6.785,C
-18.768,9.836,7.107,O
-17.126,7.027,7.971,C
-16.998,6.142,9.210,C
-16.142,8.181,8.064,C
-15.610,5.530,9.383,C
-18.191,8.311,5.542,N
-18.001,9.273,4.438,C
-19.228,10.112,4.136,C
-19.112,11.331,3.979,O
-17.558,8.555,3.177,C
-20.395,9.474,4.054,N
-21.633,10.202,3.748,C
-22.030,11.160,4.861,C
-22.457,12.274,4.579,O
-22.798,9.261,3.492,C
-23.944,10.010,3.118,O
-21.890,10.730,6.114,N
-22.266,11.570,7.250,C
-21.283,12.742,7.442,C
-21.695,13.822,7.863,O
-22.428,10.728,8.525,C
-21.292,9.941,8.776,O
-19.998,12.537,7.137,N
-19.020,13.638,7.213,C
-19.284,14.674,6.118,C
-19.399,15.872,6.405,O
-17.569,13.147,7.126,C
-17.173,12.458,8.435,C
-16.625,14.303,6.876,C
-15.812,11.794,8.390,C
-19.380,14.201,4.877,N
-19.591,15.081,3.713,C
-20.972,15.757,3.665,C
-21.071,16.933,3.317,O
-19.356,14.321,2.388,C
-19.647,15.210,1.194,C
-17.920,13.819,2.324,C
-22.023,15.025,4.009,N
-23.377,15.585,3.972,C
-23.720,16.457,5.165,C
-24.437,17.437,4.995,O
-24.420,14.488,3.922,C
-24.231,13.633,2.814,O
-23.216,16.103,6.356,N
-23.601,16.771,7.609,C
-22.463,17.477,8.319,C
-22.511,18.695,8.470,O
-24.254,15.753,8.552,C
-24.676,16.321,9.888,C
-25.792,17.141,9.984,C
-23.957,16.025,11.051,C
-26.190,17.668,11.216,C
-24.350,16.545,12.278,C
-25.475,17.373,12.357,C
-21.450,16.739,8.756,N
-20.386,17.351,9.593,C
-19.583,18.463,8.941,C
-19.222,19.422,9.625,O
-19.425,16.295,10.131,C
-20.047,15.425,11.181,C
-20.330,14.088,10.937,C
-20.360,15.948,12.440,C
-20.906,13.292,11.913,C
-20.936,15.163,13.424,C
-21.208,13.835,13.159,C
-21.776,13.073,14.145,O
-19.304,18.351,7.645,N
-18.557,19.404,6.944,C
-19.350,20.740,6.944,C
-18.853,21.716,7.495,O
-18.108,18.976,5.515,C
-17.758,20.202,4.653,C
-16.932,18.022,5.609,C
-20.557,20.780,6.339,N
-21.304,22.033,6.379,C
-21.721,22.509,7.793,C
-21.917,23.707,7.967,O
-22.538,21.738,5.506,C
-22.687,20.307,5.514,C
-21.305,19.746,5.601,C
-21.848,21.598,8.767,N
-22.178,21.965,10.159,C
-21.034,22.723,10.815,C
-21.248,23.765,11.404,O
-22.492,20.727,11.017,C
-22.759,20.906,12.537,C
-24.102,21.571,12.759,C
-22.691,19.558,13.306,C
-19.826,22.183,10.711,N
-18.636,22.808,11.311,C
-18.372,24.190,10.713,C
-18.039,25.132,11.437,O
-17.380,21.915,11.146,C
-16.111,22.656,11.562,C
-17.534,20.627,11.955,C
-18.528,24.295,9.396,N
-18.372,25.561,8.690,C
-19.423,26.574,9.162,C
-19.075,27.692,9.502,O
-18.480,25.384,7.144,C
-17.318,24.547,6.603,C
-18.501,26.748,6.450,C
-17.443,24.202,5.126,C
-20.692,26.159,9.171,N
-21.824,26.990,9.611,C
-21.589,27.580,10.979,C
-21.690,28.787,11.150,O
-23.099,26.153,9.675,C
-24.374,26.874,10.124,C
-25.653,25.672,10.545,S
-25.102,25.185,12.188,C
-21.281,26.709,11.938,N
-21.029,27.111,13.319,C
-19.847,28.077,13.424,C
-19.960,29.124,14.061,O
-20.760,25.888,14.249,C
-20.358,26.350,15.613,C
-21.995,24.992,14.334,C
-18.724,27.724,12.802,N
-17.559,28.595,12.820,C
-17.880,29.962,12.227,C
-17.661,30.981,12.862,O
-16.394,27.992,12.054,C
-15.236,28.930,11.918,C
-14.381,29.152,12.994,C
-14.993,29.600,10.717,C
-13.296,30.029,12.881,C
-13.912,30.478,10.592,C
-13.063,30.692,11.677,C
-18.400,29.958,11.009,N
-18.693,31.202,10.299,C
-19.739,32.039,11.007,C
-19.547,33.238,11.123,O
-19.126,30.965,8.828,C
-19.608,32.264,8.189,C
-17.973,30.393,8.039,C
-20.822,31.428,11.479,N
-21.867,32.204,12.154,C
-21.482,32.646,13.561,C
-22.135,33.532,14.094,O
-23.216,31.482,12.201,C
-24.373,32.468,12.149,C
-24.698,33.112,10.968,C
-25.136,32.755,13.263,C
-25.757,34.025,10.892,C
-26.203,33.673,13.190,C
-26.499,34.292,12.013,C
-27.544,35.187,11.958,O
-20.451,32.053,14.170,N
-19.982,32.579,15.456,C
-19.265,33.886,15.124,C
-19.384,34.833,15.876,O
-19.110,31.593,16.240,C
-17.988,31.169,15.514,O
-18.539,33.924,13.990,N
-17.878,35.164,13.507,C
-18.847,36.268,13.102,C
-18.485,37.440,13.144,O
-16.940,34.887,12.319,C
-15.789,33.967,12.607,C
-14.737,34.643,13.460,C
-13.695,33.711,13.900,N
-12.642,34.037,14.669,
-12.463,35.296,15.107,
-11.754,33.095,15.009,
-20.065,35.898,12.705,N
-21.114,36.862,12.390,C
-21.544,37.555,13.680,C
-21.666,38.787,13.704,O
-22.314,36.199,11.688,C
-23.527,37.099,11.713,C
-21.940,35.844,10.245,C
-21.771,36.782,14.752,N
-22.115,37.388,16.054,C
-21.020,38.303,16.562,C
-21.324,39.411,16.970,O
-22.461,36.334,17.105,C
-23.766,35.640,16.857,C
-24.927,36.370,16.563,C
-23.850,34.266,16.920,C
-26.121,35.741,16.338,C
-25.055,33.624,16.693,C
-26.190,34.367,16.404,C
-19.766,37.854,16.534,N
-18.632,38.724,16.916,C
-18.655,40.034,16.155,C
-18.462,41.077,16.742,O
-17.293,38.077,16.639,C
-17.007,36.807,17.433,C
-15.565,36.308,17.276,C
-14.706,36.986,16.673,O
-15.290,35.107,17.824,N
-18.892,39.969,14.839,N
-18.986,41.187,14.026,C
-20.161,42.043,14.442,C
-19.987,43.221,14.670,O
-19.073,40.880,12.525,C
-17.713,40.806,11.881,C
-16.990,42.134,11.934,C
-17.670,43.174,11.759,O
-15.755,42.133,12.152,O
-21.336,41.439,14.537,N
-22.521,42.145,14.988,C
-22.238,42.861,16.326,C
-22.513,44.040,16.455,O
-23.683,41.195,15.114,C
-21.686,42.139,17.298,N
-21.345,42.716,18.619,C
-20.374,43.880,18.510,C
-20.498,44.860,19.238,O
-20.728,41.660,19.540,C
-20.673,42.077,21.027,C
-20.272,40.913,21.948,C
-20.366,41.295,23.457,C
-19.211,42.084,23.975,N
-19.419,43.749,17.591,N
-18.380,44.749,17.349,C
-18.909,46.028,16.696,C
-18.234,47.031,16.714,O
-17.271,44.142,16.486,C
-15.959,44.946,16.395,C
-15.060,44.487,15.239,C
-15.691,44.699,13.931,N
-15.736,45.853,13.239,C
-15.178,46.979,13.702,N
-16.353,45.889,12.052,N
-20.105,46.002,16.127,N
-20.718,47.217,15.562,C
-21.324,48.107,16.630,C
-21.550,49.299,16.388,O
-21.817,46.858,14.603,C
-21.328,46.085,13.403,C
-22.412,45.836,12.358,C
-22.097,45.437,11.233,O
-23.703,46.069,12.724,N
-21.594,47.546,17.804,N
-22.180,48.318,18.887,C
-21.228,49.424,19.268,C
-20.068,49.184,19.517,O
-22.492,47.429,20.078,C
-23.526,46.346,19.805,C
-23.659,45.401,21.017,C
-24.867,46.998,19.398,C
50.645,19.298,1.00,
51.846,19.632,1.00,
52.946,20.059,1.00,
52.706,20.134,1.00,
52.260,18.442,1.00,
52.517,17.224,1.00,
52.934,17.313,1.00,
52.273,16.058,1.00,
54.139,20.330,1.00,
55.203,20.901,1.00,
55.572,20.013,1.00,
55.886,20.521,1.00,
56.453,21.310,1.00,
57.390,22.229,1.00,
57.153,20.075,1.00,
58.560,22.737,1.00,
55.527,18.695,1.00,
55.801,17.719,1.00,
54.841,17.835,1.00,
55.255,17.872,1.00,
55.727,16.309,1.00,
55.716,15.236,1.00,
56.848,14.979,1.00,
54.570,14.452,1.00,
56.843,13.943,1.00,
54.564,13.410,1.00,
55.697,13.166,1.00,
53.559,17.889,1.00,
52.517,18.064,1.00,
52.619,19.416,1.00,
52.434,19.517,1.00,
51.130,17.931,1.00,
50.844,16.561,1.00,
51.008,15.396,1.00,
50.899,15.640,1.00,
51.243,14.247,1.00,
52.913,20.453,1.00,
53.101,21.783,1.00,
54.182,21.796,1.00,
53.963,22.356,1.00,
53.438,22.773,1.00,
53.933,24.131,1.00,
54.468,25.254,1.00,
53.083,26.396,1.00,
55.335,21.179,1.00,
56.464,21.209,1.00,
56.268,20.193,1.00,
56.795,20.352,1.00,
57.814,21.003,1.00,
58.593,22.197,1.00,
58.916,23.248,1.00,
57.886,22.829,1.00,
55.514,19.149,1.00,
55.137,18.183,1.00,
54.231,18.865,1.00,
54.329,18.575,1.00,
54.430,17.040,1.00,
54.077,15.936,1.00,
53.460,14.840,1.00,
52.534,14.093,1.00,
51.431,13.485,1.00,
51.081,13.524,1.00,
50.660,12.823,1.00,
53.355,19.773,1.00,
52.465,20.543,1.00,
53.251,21.658,1.00,
53.134,21.826,1.00,
51.274,21.155,1.00,
50.329,20.057,1.00,
50.493,22.202,1.00,
49.579,20.447,1.00,
54.049,22.412,1.00,
54.813,23.555,1.00,
56.045,23.199,1.00,
56.302,23.876,1.00,
55.254,24.486,1.00,
54.103,25.216,1.00,
53.076,25.354,1.00,
54.217,25.660,1.00,
56.790,22.163,1.00,
58.046,21.749,1.00,
57.898,20.499,1.00,
58.541,20.397,1.00,
59.197,21.548,1.00,
60.535,20.987,1.00,
61.166,21.857,1.00,
60.980,23.098,1.00,
61.855,21.291,1.00,
57.067,19.550,1.00,
56.839,18.336,1.00,
57.768,17.246,1.00,
58.934,17.494,1.00,
57.245,16.032,1.00,
58.024,14.892,1.00,
58.394,14.103,1.00,
57.511,13.670,1.00,
57.214,14.060,1.00,
58.014,13.118,1.00,
57.161,12.611,1.00,
58.573,11.978,1.00,
59.696,13.925,1.00,
60.206,13.143,1.00,
60.915,11.894,1.00,
61.818,11.967,1.00,
61.098,13.994,1.00,
60.286,15.128,1.00,
60.917,15.716,1.00,
61.089,14.746,1.00,
61.469,15.053,1.00,
61.729,16.323,1.00,
61.591,14.080,1.00,
60.481,10.746,1.00,
60.969,9.444,1.00,
62.239,9.033,1.00,
62.988,8.224,1.00,
59.871,8.411,1.00,
58.555,8.749,1.00,
57.576,7.626,1.00,
58.783,9.033,1.00,
62.472,9.593,1.00,
63.678,9.327,1.00,
64.571,10.563,1.00,
64.065,11.680,1.00,
63.302,8.908,1.00,
62.451,7.649,1.00,
62.214,7.176,1.00,
61.358,5.900,1.00,
61.187,5.296,1.00,
65.889,10.334,1.00,
66.900,11.372,1.00,
66.595,12.265,1.00,
66.207,11.774,1.00,
68.320,10.765,1.00,
68.862,10.210,1.00,
69.308,11.788,1.00,
70.318,9.833,1.00,
66.773,13.573,1.00,
66.562,14.552,1.00,
67.540,15.700,1.00,
68.091,15.883,1.00,
65.119,15.070,1.00,
64.769,15.884,1.00,
64.765,17.283,1.00,
64.440,15.263,1.00,
64.442,18.042,1.00,
64.116,16.016,1.00,
64.120,17.403,1.00,
63.800,18.142,1.00,
67.746,16.459,1.00,
68.597,17.636,1.00,
67.729,18.826,1.00,
66.718,19.073,1.00,
69.262,17.885,1.00,
70.352,16.899,1.00,
71.099,17.326,1.00,
72.280,16.414,1.00,
72.993,16.796,1.00,
68.112,19.561,1.00,
67.388,20.776,1.00,
67.615,21.913,1.00,
68.205,21.698,1.00,
67.778,21.198,1.00,
69.183,21.838,1.00,
69.873,22.069,1.00,
69.600,22.116,1.00,
67.147,23.112,1.00,
67.303,24.299,1.00,
68.771,24.674,1.00,
69.085,25.152,1.00,
66.624,25.514,1.00,
67.149,25.716,1.00,
65.100,25.305,1.00,
69.653,24.447,1.00,
71.091,24.720,1.00,
71.863,23.534,1.00,
73.093,23.576,1.00,
71.710,25.032,1.00,
70.940,26.011,1.00,
70.891,27.448,1.00,
71.611,27.806,1.00,
70.117,28.231,1.00,
71.146,22.491,1.00,
71.743,21.302,1.00,
72.232,20.244,1.00,
72.842,19.255,1.00,
71.971,20.436,1.00,
72.476,19.532,1.00,
71.548,18.363,1.00,
70.321,18.524,1.00,
72.699,20.269,1.00,
73.692,21.400,1.00,
74.987,21.192,1.00,
73.337,22.684,1.00,
75.913,22.232,1.00,
74.253,23.736,1.00,
75.541,23.503,1.00,
76.457,24.534,1.00,
72.145,17.191,1.00,
71.387,15.969,1.00,
70.657,16.050,1.00,
71.285,16.188,1.00,
72.295,14.736,1.00,
72.806,14.416,1.00,
74.104,14.717,1.00,
71.983,13.810,1.00,
74.577,14.423,1.00,
72.445,13.509,1.00,
73.747,13.819,1.00,
74.222,13.531,1.00,
69.330,15.960,1.00,
68.431,16.129,1.00,
67.408,15.000,1.00,
67.153,14.338,1.00,
67.741,17.500,1.00,
68.752,18.502,1.00,
66.824,17.843,1.00,
66.825,14.769,1.00,
65.788,13.737,1.00,
64.836,14.091,1.00,
65.215,14.794,1.00,
66.428,12.350,1.00,
65.443,11.224,1.00,
66.934,12.235,1.00,
66.100,9.855,1.00,
63.596,13.601,1.00,
62.599,13.863,1.00,
62.107,15.292,1.00,
61.891,15.807,1.00,
61.935,15.918,1.00,
61.460,17.295,1.00,
62.687,18.232,1.00,
63.152,18.782,1.00,
60.637,17.526,1.00,
59.446,16.569,1.00,
60.140,18.998,1.00,
58.898,16.365,1.00,
63.195,18.397,1.00,
64.375,19.197,1.00,
65.582,18.861,1.00,
66.291,19.755,1.00,
65.821,17.574,1.00,
67.007,17.192,1.00,
68.175,17.134,1.00,
68.137,16.371,1.00,
66.864,15.840,1.00,
68.068,15.470,1.00,
68.140,15.644,1.00,
69.255,14.941,1.00,
69.320,15.234,1.00,
70.016,14.805,1.00,
69.209,17.937,1.00,
70.400,17.966,1.00,
71.334,16.840,1.00,
71.654,16.690,1.00,
71.137,19.305,1.00,
72.326,19.545,1.00,
71.821,19.722,1.00,
73.124,20.760,1.00,
71.770,16.057,1.00,
72.675,14.928,1.00,
74.147,15.331,1.00,
74.937,15.003,1.00,
72.374,13.787,1.00,
71.032,13.099,1.00,
70.727,12.146,1.00,
71.025,12.372,1.00,
74.502,16.039,1.00,
75.873,16.494,1.00,
75.849,17.538,1.00,
74.896,17.591,1.00,
76.792,15.325,1.00,
78.108,15.807,1.00,
76.231,14.634,1.00,
76.892,18.365,1.00,
77.037,19.352,1.00,
77.824,18.786,1.00,
77.955,19.456,1.00,
77.666,20.656,1.00,
76.751,21.441,1.00,
77.236,22.866,1.00,
78.641,22.924,1.00,
79.060,24.331,1.00,
78.330,17.559,1.00,
79.089,16.869,1.00,
78.248,16.553,1.00,
77.055,16.331,1.00,
79.649,15.561,1.00,
80.260,14.743,1.00,
78.874,16.532,1.00,
78.169,16.153,1.00,
78.061,14.632,1.00,
77.365,14.184,1.00,
79.058,16.732,1.00,
80.415,16.588,1.00,
80.284,16.861,1.00,
78.744,13.855,1.00,
78.688,12.406,1.00,
77.399,11.934,1.00,
77.122,12.271,1.00,
79.872,11.797,1.00,
79.739,10.391,1.00,
76.617,11.163,1.00,
75.378,10.590,1.00,
75.704,9.557,1.00,
75.100,9.543,1.00,
74.581,9.944,1.00,
73.267,9.243,1.00,
72.299,10.198,1.00,
72.627,8.601,1.00,
76.665,8.694,1.00,
77.148,7.665,1.00,
77.589,8.246,1.00,
77.499,7.561,1.00,
78.277,6.838,1.00,
77.779,5.985,1.00,
76.619,5.555,1.00,
78.665,5.748,1.00,
78.058,9.500,1.00,
78.402,10.228,1.00,
77.139,10.604,1.00,
77.155,10.555,1.00,
79.220,11.466,1.00,
76.061,10.975,1.00,
74.762,11.236,1.00,
74.212,9.956,1.00,
73.844,9.946,1.00,
73.782,11.779,1.00,
74.164,8.887,1.00,
73.728,7.547,1.00,
74.481,7.067,1.00,
73.869,6.530,1.00,
73.893,6.527,1.00,
72.879,6.697,1.00,
73.199,5.806,1.00,
72.010,5.671,1.00,
71.420,6.980,1.00,
75.798,7.267,1.00,
76.626,6.931,1.00,
76.175,7.694,1.00,
76.023,7.097,1.00,
78.096,7.232,1.00,
78.910,6.848,1.00,
75.966,9.006,1.00,
75.471,9.836,1.00,
74.064,9.456,1.00,
73.752,9.494,1.00,
75.494,11.331,1.00,
76.884,11.923,1.00,
77.762,11.949,1.00,
77.260,11.747,1.00,
78.980,12.177,1.00,
73.224,9.100,1.00,
71.839,8.710,1.00,
71.807,7.455,1.00,
71.144,7.434,1.00,
71.064,8.469,1.00,
69.562,8.130,1.00,
68.775,9.243,1.00,
69.000,7.851,1.00,
72.529,6.426,1.00,
72.645,5.148,1.00,
73.161,5.343,1.00,
72.634,4.758,1.00,
73.595,4.160,1.00,
73.076,3.713,1.00,
71.938,4.072,1.00,
73.824,2.995,1.00,
74.193,6.168,1.00,
74.779,6.494,1.00,
73.779,7.248,1.00,
73.810,7.088,1.00,
76.061,7.296,1.00,
76.896,7.555,1.00,
78.377,7.838,1.00,
78.567,9.048,1.00,
78.073,10.322,1.00,
72.903,8.055,1.00,
71.870,8.804,1.00,
70.699,7.909,1.00,
70.271,7.913,1.00,
71.364,9.973,1.00,
70.194,7.152,1.00,
69.038,6.255,1.00,
69.378,4.951,1.00,
68.602,4.500,1.00,
68.397,5.931,1.00,
67.828,7.207,1.00,
67.297,4.907,1.00,
66.650,7.819,1.00,
70.530,4.362,1.00,
71.022,3.152,1.00,
70.810,1.841,1.00,
70.624,0.800,1.00,
70.841,1.900,1.00,
70.680,0.730,1.00,
71.012,1.090,1.00,
71.175,2.261,1.00,
69.251,0.162,1.00,
68.148,1.076,1.00,
66.833,0.330,1.00,
65.745,1.210,1.00,
65.449,1.540,1.00,
66.146,1.076,1.00,
64.430,2.354,1.00,
71.108,0.083,1.00,
71.307,0.299,1.00,
69.984,0.719,1.00,
69.075,-0.095,1.00,
71.829,-0.957,1.00,
73.310,-1.201,1.00,
73.847,-2.196,1.00,
73.975,-0.292,1.00,
69.880,1.996,1.00,
68.647,2.552,1.00,
68.588,2.510,1.00,
67.516,2.305,1.00,
68.458,3.982,1.00,
69.619,4.758,1.00,
68.254,3.981,1.00,
69.737,2.702,1.00,
69.842,2.815,1.00,
69.053,4.046,1.00,
68.522,4.044,1.00,
69.398,1.517,1.00,
69.867,1.431,1.00,
70.812,2.109,1.00,
69.199,0.587,1.00,
68.984,5.091,1.00,
68.283,6.314,1.00,
66.832,6.409,1.00,
66.298,7.489,1.00,
66.192,5.301,1.00,
64.770,5.320,1.00,
64.554,5.095,1.00,
65.114,4.151,1.00,
63.981,4.261,1.00,
62.498,4.368,1.00,
64.201,4.432,1.00,
63.742,5.963,1.00,
63.347,5.843,1.00,
61.833,5.872,1.00,
61.111,6.370,1.00,
63.953,6.956,1.00,
63.448,8.364,1.00,
65.457,6.899,1.00,
63.816,9.445,1.00,
61.362,5.343,1.00,
59.932,5.345,1.00,
59.545,6.712,1.00,
60.405,7.495,1.00,
59.595,4.353,1.00,
60.228,4.776,1.00,
60.056,2.874,1.00,
58.244,6.972,1.00,
57.684,8.208,1.00,
58.087,8.416,1.00,
58.452,9.536,1.00,
56.151,8.215,1.00,
55.466,9.387,1.00,
53.953,9.419,1.00,
53.322,10.308,1.00,
51.848,10.427,1.00,
58.010,7.330,1.00,
58.339,7.320,1.00,
59.814,7.586,1.00,
60.148,8.255,1.00,
57.923,5.983,1.00,
56.386,5.788,1.00,
55.619,6.782,1.00,
55.935,4.630,1.00,
60.687,7.071,1.00,
62.113,7.437,1.00,
62.317,8.955,1.00,
63.127,9.619,1.00,
62.910,6.572,1.00,
63.018,5.142,1.00,
63.606,4.198,1.00,
63.498,4.488,1.00,
64.182,3.155,1.00,
61.590,9.485,1.00,
61.647,10.955,1.00,
61.296,11.748,1.00,
61.940,12.745,1.00,
60.723,11.331,1.00,
60.269,11.298,1.00,
59.873,11.920,1.00,
60.973,11.815,1.00,
61.158,12.747,1.00,
58.584,11.294,1.00,
58.090,11.772,1.00,
56.715,11.195,1.00,
56.194,10.251,1.00,
56.150,11.688,1.00,
61.701,10.695,1.00,
62.821,10.568,1.00,
63.903,11.620,1.00,
64.325,12.310,1.00,
63.461,9.190,1.00,
62.546,8.022,1.00,
62.223,7.938,1.00,
61.379,6.680,1.00,
61.944,5.425,1.00,
64.335,11.723,1.00,
65.305,12.748,1.00,
64.804,14.165,1.00,
65.572,15.033,1.00,
65.605,12.636,1.00,
66.466,11.468,1.00,
66.357,11.261,1.00,
67.899,11.715,1.00,
63.513,14.373,1.00,
62.899,15.673,1.00,
62.902,16.104,1.00,
63.171,17.275,1.00,
61.480,15.669,1.00,
60.740,16.880,1.00,
60.897,18.012,1.00,
59.877,16.909,1.00,
60.221,19.138,1.00,
59.194,18.043,1.00,
59.361,19.165,1.00,
62.611,15.188,1.00,
62.658,15.520,1.00,
64.092,15.888,1.00,
64.272,16.716,1.00,
62.151,14.400,1.00,
60.741,13.936,1.00,
59.903,14.722,1.00,
60.479,12.617,1.00,
65.094,15.275,1.00,
66.487,15.631,1.00,
66.803,17.020,1.00,
67.455,17.802,1.00,
67.449,14.634,1.00,
67.379,13.249,1.00,
68.235,12.239,1.00,
69.116,12.614,1.00,
67.980,10.948,1.00,
66.341,17.304,1.00,
66.549,18.615,1.00,
65.879,19.689,1.00,
66.486,20.737,1.00,
66.038,18.664,1.00,
66.828,17.756,1.00,
67.997,17.392,1.00,
66.277,17.400,1.00,
64.649,19.426,1.00,
63.948,20.341,1.00,
64.780,20.577,1.00,
64.968,21.714,1.00,
62.563,19.820,1.00,
62.086,20.548,1.00,
61.570,19.952,1.00,
65.280,19.500,1.00,
66.154,19.623,1.00,
67.321,20.555,1.00,
67.585,21.464,1.00,
66.703,18.269,1.00,
67.645,18.387,1.00,
67.156,18.521,1.00,
68.874,18.341,1.00,
68.003,20.316,1.00,
69.126,21.153,1.00,
68.742,22.643,1.00,
69.495,23.520,1.00,
69.675,20.620,1.00,
67.584,22.890,1.00,
67.096,24.244,1.00,
66.903,25.028,1.00,
67.378,26.149,1.00,
65.807,24.193,1.00,
66.207,24.415,1.00,
65.973,24.995,1.00,
67.262,25.348,1.00,
67.345,26.429,1.00,
65.102,24.073,1.00,
65.076,24.539,1.00,
63.696,24.033,1.00,
68.246,24.455,1.00,
69.546,24.726,1.00,
70.230,25.911,1.00,
70.838,26.735,1.00,
70.487,23.533,1.00,
70.070,22.367,1.00,
71.070,21.205,1.00,
70.430,19.951,1.00,
70.183,19.569,1.00,
70.517,20.334,1.00,
69.588,18.393,1.00103.37
70.120,25.977,1.00,
70.656,27.059,1.00,
69.995,28.392,1.00,
70.690,29.387,1.00,
68.661,28.399,1.00,
67.858,29.564,1.00,
68.293,30.083,1.00,
68.522,31.280,1.00,
66.363,29.210,1.00,
65.757,29.198,1.00,
65.616,30.174,1.00,
64.385,28.554,1.00,
68.407,29.177,1.00,
68.819,29.512,1.00,
70.275,30.001,1.00,
70.613,30.627,1.00,
68.578,28.317,1.00,
67.115,27.909,1.00,
67.074,26.679,1.00,
66.309,29.031,1.00,
71.118,29.714,1.00,
72.490,30.251,1.00,
72.537,31.609,1.00,
73.505,32.331,1.00,
73.439,29.301,1.00,
73.955,28.140,1.00,
75.121,27.460,1.00,
74.691,26.922,1.00,
74.387,25.636,1.00,
74.451,24.665,1.00,
74.009,25.314,1.00,
71.495,31.946,1.00,
71.464,33.183,1.00,
70.903,34.293,1.00,
69.733,34.252,1.00,
70.642,33.002,1.00,
70.813,34.137,1.00,
70.405,35.275,1.00,
71.417,33.848,1.00,
71.750,35.281,1.00,
71.386,36.459,1.00,
70.101,37.203,1.00,
69.426,37.748,1.00,
72.546,37.451,1.00,
69.784,37.213,1.00,
68.623,37.931,1.00,
67.337,37.093,1.00,
66.243,37.649,1.00,
68.923,38.398,1.00,
70.297,39.063,1.00,
70.447,39.698,1.00,
71.864,40.217,1.00,
71.994,41.068,1.00,
67.460,35.765,1.00,
66.286,34.894,1.00,
65.924,34.402,1.00,
64.740,34.205,1.00,
66.497,33.694,1.00,
66.801,34.051,1.00,
66.916,32.787,1.00,
65.747,35.010,1.00,
66.917,34.205,1.00,
66.663,33.652,1.00,
65.559,34.383,1.00,
64.643,33.723,1.00,
67.951,33.565,1.00,
67.770,32.917,1.00,
69.054,32.925,1.00,
68.905,32.138,1.00,
67.881,32.745,1.00,
65.636,35.740,1.00,
64.586,36.440,1.00,
63.190,36.261,1.00,
62.197,36.199,1.00,
64.966,37.923,1.00,
66.357,37.950,1.00,
66.646,36.679,1.00,
63.136,36.184,1.00,
61.885,36.092,1.00,
61.291,34.743,1.00,
60.176,34.672,1.00,
62.062,36.305,1.00,
60.720,36.368,1.00,
62.832,37.602,1.00,
62.047,33.691,1.00,
61.660,32.290,1.00,
61.241,32.054,1.00,
60.184,31.502,1.00,
62.840,31.382,1.00,
62.536,29.909,1.00,
61.994,29.225,1.00,
62.787,29.185,1.00,
61.712,27.838,1.00,
62.511,27.823,1.00,
61.976,27.162,1.00,
61.705,25.804,1.00,
62.082,32.483,1.00,
61.780,32.399,1.00,
60.403,32.936,1.00,
59.755,32.407,1.00,
62.802,33.208,1.00,
64.118,32.468,1.00,
64.287,31.274,1.00,
65.004,33.120,1.00,
59.969,33.993,1.00,
58.711,34.670,1.00,
57.495,34.027,1.00,
56.383,34.199,1.00,
58.791,36.124,1.00,
58.665,36.232,1.00,
57.703,33.293,1.00,
56.593,32.729,1.00,
56.023,31.462,1.00,
56.715,30.705,1.00,
57.014,32.457,1.00,
57.298,33.687,1.00,
57.869,33.211,1.00,
56.051,34.482,1.00,
54.735,31.257,1.00,
54.046,30.017,1.00,
54.480,28.927,1.00,
55.088,29.230,1.00,
52.547,30.180,1.00,
52.157,30.522,1.00,
52.059,29.643,1.00,
51.956,31.702,1.00,
54.156,27.677,1.00,
54.530,26.455,1.00,
54.185,26.482,1.00,
55.016,26.143,1.00,
53.884,25.213,1.00,
52.959,26.882,1.00,
52.517,26.970,1.00,
53.297,28.021,1.00,
53.686,27.760,1.00,
51.014,27.268,1.00,
50.634,27.518,1.00,
50.192,26.098,1.00,
53.527,29.192,1.00,
54.306,30.245,1.00,
55.792,29.877,1.00,
56.471,30.224,1.00,
54.090,31.598,1.00,
52.648,32.049,1.00,
52.519,33.465,1.00,
51.222,34.039,1.00,
50.111,33.935,1.00,
50.077,33.261,1.00,
48.999,34.523,1.00,
56.304,29.176,1.00,
57.654,28.616,1.00,
57.781,27.683,1.00,
58.790,27.741,1.00,
58.032,27.849,1.00,
58.381,28.729,1.00,
58.699,27.888,1.00,
58.877,28.724,1.00,
59.276,28.334,1.00,
59.568,27.062,1.00,
59.388,29.244,1.00,
56.767,26.842,1.00,
56.762,25.993,1.00,
56.787,26.899,1.00,
57.444,26.594,1.00,
55.556,25.084,1.00,
56.068,28.019,1.00,
56.110,29.004,1.00,
57.549,29.425,1.00,
58.037,29.306,1.00,
55.252,30.201,1.00,
58.215,29.906,1.00,
59.610,30.389,1.00,
60.542,29.329,1.00,
61.328,29.602,1.00,
60.144,30.886,1.00,
61.381,31.794,1.00,
61.167,33.000,1.00,
61.741,32.236,1.00,
60.454,28.115,1.00,
61.252,26.986,1.00,
60.998,26.758,1.00,
61.941,26.552,1.00,
60.964,25.677,1.00,
61.411,25.789,1.00,
61.684,24.523,1.00,
60.643,24.910,1.00,
59.727,26.798,1.00,
59.340,26.656,1.00,
60.154,27.596,1.00,
60.720,27.158,1.00,
57.819,26.880,1.00,
57.286,26.621,1.00,
57.895,26.974,1.00,
56.110,25.995,1.00,
60.217,28.876,1.00,
60.986,29.894,1.00,
62.472,29.579,1.00,
63.130,29.719,1.00,
60.788,31.315,1.00,
59.343,31.846,1.00,
59.205,33.558,1.00,
60.133,34.436,1.00,
62.997,29.160,1.00,
64.430,28.774,1.00,
64.736,27.585,1.00,
65.769,27.587,1.00,
64.859,28.445,1.00,
66.214,27.773,1.00,
64.892,29.715,1.00,
63.838,26.598,1.00,
63.937,25.507,1.00,
64.133,26.087,1.00,
65.023,25.684,1.00,
62.712,24.557,1.00,
62.933,23.259,1.00,
63.029,23.238,1.00,
63.037,22.027,1.00,
63.227,22.021,1.00,
63.237,20.821,1.00,
63.332,20.823,1.00,
63.296,27.039,1.00,
63.335,27.575,1.00,
64.480,28.544,1.00,
65.043,28.455,1.00,
62.012,28.270,1.00,
61.757,28.615,1.00,
60.378,29.168,1.00,
59.620,29.340,1.00,
60.039,29.450,1.00,
64.819,29.456,1.00,
65.838,30.524,1.00,
67.100,30.498,1.00,
68.010,31.296,1.00,
65.216,31.902,1.00,
63.832,32.124,1.00,
63.064,33.542,1.00,
61.419,32.917,1.00,
67.166,29.609,1.00,
68.294,29.560,1.00,
68.166,30.651,1.00,
67.330,31.555,1.00,
68.993,30.573,1.00,
68.931,31.548,1.00,
69.224,32.966,1.00,
68.560,33.891,1.00,
69.901,31.185,1.00,
69.512,29.969,1.00,
70.556,29.554,1.00,
71.271,30.409,1.00,
70.659,28.348,1.00103.73
70.214,33.132,1.00,
70.597,34.451,1.00,
69.455,35.112,1.00,
69.098,36.247,1.00,
71.802,34.386,1.00,
72.907,33.776,1.00,
72.196,35.790,1.00,
68.889,34.395,1.00,
67.749,34.888,1.00,
66.637,35.399,1.00,
66.069,36.450,1.00,
66.348,34.639,1.00,
65.274,34.952,1.00,
65.663,36.063,1.00,
64.809,36.863,1.00,
64.844,33.715,1.00,
63.695,34.081,1.00,
64.438,32.582,1.00,
66.949,36.096,1.00,
67.491,37.119,1.00,
67.423,38.496,1.00,
67.410,39.483,1.00,
68.931,36.798,1.00,
67.381,38.553,1.00,
67.270,39.808,1.00,
65.900,40.461,1.00,
65.780,41.588,1.00,
64.861,39.774,1.00,
63.533,40.383,1.00,
63.500,41.179,1.00,
62.693,40.887,1.00,
62.437,39.310,1.00,
62.247,38.594,1.00,
61.609,39.202,1.00,
62.696,37.310,1.00,
61.433,38.521,1.00,
62.526,36.627,1.00,
61.894,37.229,1.00,
64.364,42.186,1.00,
64.550,42.845,1.00,
63.256,43.420,1.00,
62.964,43.206,1.00,
65.613,43.957,1.00,
66.761,43.454,1.00,
66.027,44.419,1.00,
62.494,44.138,1.00,
61.260,44.779,1.00,
60.176,43.753,1.00,
59.523,43.854,1.00,
60.723,45.803,1.00,
61.701,46.958,1.00,
62.125,47.647,1.00,
62.050,47.163,1.00,
59.986,42.776,1.00,
59.014,41.697,1.00,
59.307,40.895,1.00,
58.386,40.567,1.00,
58.962,40.748,1.00,
58.329,41.351,1.00,
60.580,40.586,1.00,
60.997,39.863,1.00,
60.660,40.618,1.00,
60.195,40.025,1.00,
62.503,39.566,1.00,
62.937,38.500,1.00,
64.484,38.518,1.00,
62.456,37.120,1.00,
60.901,41.917,1.00,
60.571,42.806,1.00,
59.069,42.837,1.00,
58.633,42.760,1.00,
61.041,44.229,1.00,
60.873,45.241,1.00,
60.978,46.712,1.00,
62.027,46.876,1.00,
63.350,46.852,1.00107.35
63.849,46.666,1.00110.91
64.207,47.016,1.00108.55
58.296,42.958,1.00,
56.843,42.948,1.00,
56.323,41.610,1.00,
55.455,41.580,1.00,
56.228,43.338,1.00,
56.407,44.861,1.00,
55.810,45.341,1.00,
56.943,44.571,1.00,
56.851,40.516,1.00,
56.495,39.211,1.00,
56.816,39.149,1.00,
55.970,38.728,1.00,
57.213,38.086,1.00,
56.734,37.877,1.00,
57.724,36.968,1.00,
55.241,37.364,1.00,
58.020,39.565,1.00,
58.419,39.551,1.00,
57.422,40.302,1.00,
57.188,39.889,1.00,
59.828,40.123,1.00,
60.432,39.975,1.00,
61.883,40.443,1.00,
62.505,40.758,1.00,
62.426,40.490,1.00,
56.850,41.395,1.00,
55.833,42.182,1.00,
54.373,41.688,1.00,
53.450,42.300,1.00,
55.958,43.662,1.00,
57.318,44.267,1.00,
57.566,45.652,1.00,
57.018,46.035,1.00,
58.404,46.411,1.00,
54.174,40.604,1.00,
52.830,40.066,1.00,
51.959,41.048,1.00,
50.733,41.084,1.00,
52.089,39.688,1.00,
52.892,38.892,1.00,
52.701,37.399,1.00,
53.758,36.540,1.00,
55.011,36.416,1.00104.91
52.609,41.828,1.00,
51.958,42.758,1.00,
51.862,41.975,1.00,
52.569,42.238,1.00,
52.765,44.049,1.00,
52.959,44.776,1.00,
53.860,45.974,1.00,
53.226,47.096,1.00,
53.859,48.203,1.00,
55.179,48.365,1.00,
53.171,49.172,1.00,
50.963,41.005,1.00,
50.847,39.981,1.00,
50.507,40.541,1.00,
51.187,40.232,1.00,
49.781,38.959,1.00,
49.894,38.335,1.00,
48.917,38.255,1.00,
51.047,37.699,1.00,
49.386,37.610,1.00,
50.692,37.260,1.00,
52.351,37.457,1.00,
51.576,36.600,1.00,
53.235,36.801,1.00,
52.850,36.379,1.00,
49.458,41.357,1.00,
49.012,41.994,1.00,
50.100,42.830,1.00,
50.283,42.781,1.00,
47.768,42.874,1.00,
46.475,42.065,1.00,
46.530,40.836,1.00,
45.386,42.681,1.00,
50.813,43.586,1.00,
51.886,44.452,1.00,
53.089,43.646,1.00,
53.740,44.017,1.00,
52.293,45.420,1.00,
51.186,46.364,1.00,
51.570,47.219,1.00,
52.476,48.059,1.00,
50.969,47.053,1.00,
53.372,42.561,1.00,
54.375,41.574,1.00,
54.000,41.058,1.00,
54.827,41.057,1.00,
54.462,40.410,1.00,
52.742,40.634,1.00,
52.182,40.126,1.00,
52.249,41.142,1.00,
52.487,40.776,1.00,
50.735,39.676,1.00,
52.039,42.416,1.00,
52.124,43.473,1.00,
53.535,43.503,1.00,
53.719,43.551,1.00,
51.685,44.851,1.00,
52.236,46.024,1.00,
50.147,44.886,1.00,
54.517,43.466,1.00,
55.935,43.510,1.00,
56.412,42.232,1.00,
57.104,42.307,1.00,
56.817,43.828,1.00,
56.776,45.296,1.00,
57.807,45.962,1.00,
55.588,45.808,1.00,
56.040,41.076,1.00,
56.421,39.798,1.00,
55.859,39.633,1.00,
56.528,39.065,1.00,
55.971,38.637,1.00,
56.632,38.565,1.00,
56.045,37.436,1.00,
58.139,38.408,1.00,
54.639,40.132,1.00,
54.022,40.090,1.00,
54.776,40.950,1.00,
54.586,40.741,1.00,
52.533,40.511,1.00,
55.620,41.901,1.00,
56.436,42.773,1.00,
57.857,42.231,1.00,
58.762,43.000,1.00,
56.536,44.199,1.00,
55.253,45.012,1.00,
55.410,46.367,1.00,
54.245,47.310,1.00,
54.134,48.434,1.00,
58.051,40.916,1.00,
59.364,40.298,1.00,
59.516,39.594,1.00,
58.536,39.320,1.00,
59.635,39.304,1.00,
58.573,38.368,1.00,
60.775,39.313,1.00,
61.141,38.485,1.00,
60.639,37.043,1.00,
60.312,36.325,1.00,
62.661,38.504,1.00,
63.220,37.702,1.00,
62.715,38.231,1.00,
63.267,37.497,1.00,
62.894,37.664,1.00,
61.951,38.547,1.00,
63.469,36.933,1.00,
60.592,36.651,1.00,
60.023,35.392,1.00,
58.569,35.248,1.00,
58.233,34.279,1.00,
60.118,35.298,1.00,
59.434,34.164,1.00,
59.491,32.862,1.00,
58.574,34.207,1.00,
58.713,32.092,1.00,
58.139,32.887,1.00,
58.125,35.223,1.00,
57.293,32.570,1.00,
57.262,34.893,1.00,
56.863,33.600,1.00,
57.727,36.212,1.00,
56.318,36.196,1.00,
56.170,36.397,1.00,
55.218,35.922,1.00,
55.516,37.258,1.00,
54.095,37.404,1.00,
53.101,36.601,1.00,
53.746,38.351,1.00,
51.793,36.720,1.00,
52.436,38.481,1.00,
51.461,37.651,1.00,
50.154,37.747,1.00,
57.111,37.106,1.00,
57.111,37.312,1.00,
57.391,36.028,1.00,
56.929,35.882,1.00,
58.172,38.338,1.00,
58.240,38.572,1.00,
59.264,38.335,1.00,
57.138,39.040,1.00,
58.145,35.111,1.00,
58.616,33.896,1.00,
57.755,32.677,1.00,
57.378,31.930,1.00,
60.091,33.663,1.00,
61.040,34.694,1.00,
61.142,34.576,1.00,
60.867,35.539,1.00,
61.535,33.387,1.00,
57.454,32.490,1.00,
56.582,31.409,1.00,
55.382,31.997,1.00,
55.274,31.783,1.00,
57.373,30.396,1.00,
58.134,31.100,1.00,
58.326,29.569,1.00,
54.475,32.744,1.00,
53.299,33.404,1.00,
52.372,32.497,1.00,
52.018,32.834,1.00,
52.553,33.937,1.00,
53.137,33.252,1.00,
54.528,33.001,1.00,
51.993,31.361,1.00,
51.083,30.410,1.00,
51.613,29.946,1.00,
50.921,30.071,1.00,
50.818,29.180,1.00,
50.077,29.515,1.00,
49.323,30.480,1.00,
50.288,28.709,1.00,
52.837,29.409,1.00,
53.500,28.979,1.00,
53.627,30.132,1.00,
53.299,29.984,1.00,
54.880,28.462,1.00,
55.697,28.103,1.00,
56.971,27.368,1.00,
57.732,26.931,1.00,
58.840,26.186,1.00,
59.353,25.769,1.00,
59.453,25.844,1.00,
54.105,31.272,1.00,
54.265,32.437,1.00,
52.906,32.844,1.00,
52.815,33.194,1.00,
54.894,33.547,1.00,
51.862,32.786,1.00,
50.524,33.161,1.00,
50.177,32.322,1.00,
49.794,32.881,1.00,
49.514,32.992,1.00,
48.177,33.665,1.00,
47.348,33.477,1.00,
45.956,34.103,1.00,
45.967,35.617,1.00,
50.323,30.986,1.00,
50.016,30.051,1.00,
50.860,30.239,1.00,
50.334,30.098,1.00,
50.150,28.590,1.00,
49.068,28.099,1.00,
49.102,26.596,1.00,
50.290,26.158,1.00,
50.391,26.084,1.00,
49.382,26.416,1.00,
51.523,25.671,1.00,
52.150,30.547,1.00,
52.990,30.752,1.00,
52.632,32.098,1.00,
52.478,32.164,1.00,
54.510,30.676,1.00,
55.316,31.006,1.00,
54.922,29.282,1.00,
52.498,33.158,1.00,
52.164,34.467,1.00,
50.823,34.437,1.00,
50.727,34.864,1.00,
52.145,35.570,1.00,
53.541,35.793,1.00,
51.645,36.848,1.00,
53.539,36.637,1.00,
49.793,33.938,1.00,
48.476,33.707,1.00,
48.608,32.920,1.00,
47.887,33.190,1.00,
47.558,32.905,1.00,
47.491,33.541,1.00,
46.158,32.776,1.00,
49.527,31.941,1.00,
49.788,31.157,1.00,
50.417,32.042,1.00,
50.068,31.924,1.00,
50.696,29.941,1.00,
50.076,29.121,1.00,
50.939,29.157,1.00,
51.337,32.913,1.00,
51.796,33.990,1.00,
50.649,34.890,1.00,
50.662,35.389,1.00,
52.892,34.872,1.00,
54.274,34.258,1.00,
54.807,33.778,1.00,
55.034,34.170,1.00,
56.059,33.224,1.00,
56.282,33.622,1.00,
56.799,33.147,1.00,
49.655,35.108,1.00,
48.490,35.940,1.00,
47.559,35.312,1.00,
47.158,35.994,1.00,
47.661,36.354,1.00,
48.392,37.315,1.00,
47.484,38.485,1.00,
46.492,38.126,1.00,
45.436,38.870,1.00,
45.186,40.063,1.00,
44.601,38.421,1.00,
47.219,34.029,1.00,
46.232,33.346,1.00,
46.828,32.501,1.00,
46.218,32.361,1.00,
45.324,32.422,1.00,
46.063,31.251,1.00,
44.777,33.176,1.00,
48.008,31.936,1.00,
48.591,31.038,1.00,
47.829,29.703,1.00,
47.785,29.073,1.00,
47.235,29.297,1.00,
46.573,28.025,1.00,
47.007,27.435,1.00,
47.591,28.121,1.00,
45.069,28.150,1.00,
44.747,28.718,1.00,
44.460,29.016,1.00,
46.706,26.149,1.00,
47.000,25.412,1.00,
45.956,25.579,1.00,
46.070,24.904,1.00,
47.101,23.927,1.00,
48.147,23.646,1.00,
48.007,23.274,1.00,
49.539,23.717,1.00,
49.238,23.096,1.00,
50.200,23.362,1.00,
50.297,24.049,1.00,
51.582,23.322,1.00,
51.673,24.012,1.00,
52.307,23.649,1.00,
44.955,26.460,1.00,
43.835,26.664,1.00,
44.207,26.837,1.00,
43.422,26.450,1.00,
42.966,27.852,1.00,
42.143,27.570,1.00,
42.178,26.450,1.00,
41.449,28.499,1.00,
45.381,27.405,1.00,
45.828,27.567,1.00,
46.215,26.238,1.00,
46.285,26.169,1.00,
46.998,28.560,1.00,
46.465,25.200,1.00,
46.850,23.870,1.00,
45.693,22.845,1.00,
45.928,21.684,1.00,
48.067,23.381,1.00,
49.224,24.282,1.00,
50.090,24.037,1.00,
49.451,25.400,1.00,
51.157,24.878,1.00,
50.509,26.236,1.00,
51.366,25.980,1.00,
52.436,26.850,1.00,
-27.193,44.468,23.289,N
-27.211,43.302,22.437,C
-28.617,42.992,22.039,C
-29.497,43.032,22.873,O
-26.716,42.052,23.152,C
-25.247,41.957,23.391,C
-24.916,40.567,23.966,C
-23.433,40.257,23.926,C
-23.139,38.781,24.083,N
-28.823,42.683,20.766,N
-30.129,42.267,20.240,C
-31.247,43.272,20.499,C
-32.385,42.892,20.754,O
-30.490,40.877,20.774,C
-29.455,39.843,20.461,C
-28.761,39.182,21.465,C
-29.166,39.530,19.135,C
-27.800,38.223,21.148,C
-28.210,38.578,18.825,C
-27.531,37.925,19.832,C
-30.891,44.551,20.430,N
-31.837,45.636,20.494,C
-32.192,46.034,19.051,C
-33.355,46.217,18.742,O
-31.269,46.818,21.274,C
-31.066,46.521,23.110,S
-31.183,46.163,18.186,N
-31.385,46.560,16.806,C
-32.130,45.487,16.037,C
-31.815,44.312,16.172,O
-30.044,46.787,16.116,C
-29.137,47.928,16.567,C
-27.791,47.827,15.848,C
-29.796,49.271,16.325,C
-33.112,45.898,15.238,N
-33.870,44.973,14.350,C
-32.973,44.007,13.566,C
-33.274,42.829,13.463,O
-34.768,45.762,13.373,C
-34.008,46.721,12.419,C
-34.913,47.656,11.634,C
-34.071,48.658,10.816,C
-34.904,49.777,10.290,N
-31.877,44.519,13.024,N
-30.929,43.706,12.257,C
-30.232,42.665,13.125,C
-30.010,41.554,12.679,O
-29.897,44.568,11.492,C
-29.063,45.591,12.318,C
-29.720,46.975,12.491,C
-30.934,47.164,12.219,O
-28.992,47.877,12.911,O
-29.891,43.023,14.366,N
-29.274,42.065,15.287,C
-30.290,41.039,15.757,C
-29.946,39.856,15.882,O
-28.612,42.794,16.451,C
-27.390,43.554,16.047,C
-26.547,44.134,16.958,N
-26.867,43.824,14.824,C
-25.557,44.734,16.325,C
-25.725,44.562,15.027,N
-31.526,41.477,16.014,N
-32.619,40.536,16.296,C
-32.761,39.521,15.146,C
-32.861,38.328,15.394,O
-33.948,41.247,16.519,C
-33.987,42.127,17.773,C
-35.412,42.556,18.088,C
-35.487,43.405,19.345,C
-35.017,42.669,20.545,N
-32.764,40.009,13.897,N
-32.855,39.121,12.713,C
-31.731,38.111,12.727,C
-31.975,36.946,12.466,O
-32.855,39.918,11.399,C
-30.502,38.548,13.034,N
-29.359,37.599,13.151,C
-29.561,36.513,14.240,C
-29.137,35.367,14.051,O
-28.025,38.324,13.408,C
-27.406,39.228,12.329,C
-26.129,39.864,12.873,C
-27.118,38.465,11.080,C
-30.195,36.864,15.358,N
-30.509,35.866,16.403,C
-31.512,34.845,15.857,C
-31.346,33.663,16.083,O
-31.049,36.529,17.656,C
-31.226,35.608,18.867,C
-31.473,36.443,20.100,C
-31.752,35.624,21.329,C
-31.953,36.544,22.492,N
-32.541,35.313,15.139,N
-33.525,34.414,14.487,C
-32.827,33.369,13.651,C
-33.082,32.191,13.826,O
-34.520,35.166,13.564,C
-35.198,36.197,14.293,O
-35.553,34.206,12.963,C
-31.950,33.800,12.754,N
-31.183,32.862,11.925,C
-30.330,31.927,12.779,C
-30.279,30.721,12.524,O
-30.301,33.605,10.922,C
-30.975,34.417,9.808,C
-29.909,35.169,8.981,C
-31.846,33.533,8.910,C
-29.663,32.476,13.797,N
-28.890,31.661,14.740,C
-29.740,30.605,15.422,C
-29.247,29.515,15.743,O
-31.017,30.921,15.645,N
-31.955,29.987,16.286,C
-32.354,28.862,15.334,C
-32.540,27.720,15.768,O
-33.202,30.721,16.866,C
-32.797,31.558,18.081,C
-34.275,29.747,17.287,C
-33.970,32.239,18.788,C
-32.481,29.188,14.048,N
-32.787,28.208,13.010,C
-31.630,27.225,12.931,C
-31.833,26.004,12.877,O
-33.004,28.892,11.637,C
-34.244,29.798,11.651,C
-33.174,27.888,10.557,C
-35.544,29.087,11.775,C
-30.412,27.761,12.933,N
-29.206,26.942,12.826,C
-29.019,26.044,14.018,C
-28.798,24.844,13.852,O
-27.982,27.830,12.632,C
-27.992,28.535,11.284,C
-26.852,29.897,11.156,S
-27.061,30.304,9.407,C
-29.112,26.625,15.214,N
-28.937,25.880,16.463,C
-29.970,24.785,16.660,C
-29.640,23.694,17.120,O
-31.219,25.084,16.309,N
-32.309,24.123,16.408,C
-32.057,22.935,15.492,C
-32.190,21.801,15.923,O
-33.657,24.780,16.070,C
-33.964,25.771,17.065,O
-34.769,23.760,16.038,C
-31.694,23.205,14.237,N
-31.347,22.147,13.279,C
-30.221,21.282,13.817,C
-30.266,20.069,13.697,O
-30.917,22.731,11.930,C
-30.691,21.679,10.853,C
-31.723,21.314,9.995,C
-29.460,21.064,10.706,C
-31.526,20.343,8.997,C
-29.254,20.097,9.720,C
-30.297,19.737,8.857,C
-29.214,21.923,14.406,N
-28.058,21.218,14.945,C
-28.460,20.311,16.078,C
-28.105,19.152,16.073,O
-26.981,22.183,15.448,C
-26.544,23.023,14.367,O
-25.784,21.412,16.018,C
-29.203,20.844,17.041,N
-29.636,20.065,18.204,C
-30.578,18.920,17.845,C
-30.560,17.886,18.500,O
-30.300,20.986,19.236,C
-29.359,22.013,19.916,C
-30.162,23.029,20.724,C
-28.290,21.337,20.801,C
-31.395,19.108,16.806,N
-32.341,18.073,16.367,C
-31.677,16.920,15.620,C
-32.095,15.782,15.783,O
-33.462,18.678,15.513,C
-34.727,19.541,16.511,S
-30.657,17.219,14.810,N
-29.938,16.192,14.020,C
-28.635,15.671,14.635,C
-28.250,14.544,14.330,O
-29.641,16.703,12.599,C
-30.853,16.738,11.766,C
-31.543,17.832,11.381,C
-31.533,15.613,11.212,C
-32.621,17.469,10.614,N
-32.636,16.107,10.496,C
-31.314,14.228,11.254,C
-33.523,15.274,9.822,C
-32.202,13.391,10.581,C
-33.291,13.920,9.875,C
-27.958,16.454,15.474,N
-26.645,16.020,16.001,C
-26.669,14.651,16.667,C
-25.822,13.834,16.347,O
-26.019,17.049,16.953,C
-24.542,16.884,17.277,C
-23.682,16.964,16.013,C
-24.130,17.956,18.279,C
-27.627,14.395,17.583,N
-27.682,13.074,18.227,C
-27.767,11.903,17.248,C
-27.052,10.906,17.406,O
-28.979,13.140,19.057,C
-29.207,14.546,19.305,C
-28.701,15.269,18.091,C
-28.641,12.042,16.255,N
-28.807,11.038,15.217,C
-27.479,10.746,14.519,C
-27.072,9.576,14.412,O
-29.853,11.505,14.189,C
-30.014,10.578,13.047,C
-30.850,9.475,13.157,C
-29.335,10.795,11.859,C
-31.008,8.610,12.114,C
-29.489,9.926,10.798,C
-30.327,8.829,10.923,C
-26.818,11.811,14.052,N
-25.522,11.686,13.347,C
-24.346,11.254,14.222,C
-23.386,10.677,13.697,O
-25.180,12.971,12.585,C
-25.942,13.108,11.295,C
-27.103,13.864,11.226,C
-25.494,12.467,10.149,C
-27.800,13.990,10.058,C
-26.191,12.586,8.960,C
-27.349,13.352,8.914,C
-24.404,11.522,15.528,N
-23.391,11.003,16.454,C
-23.517,9.476,16.516,C
-22.507,8.765,16.534,O
-23.511,11.621,17.873,C
-23.073,13.081,17.853,C
-22.642,10.888,18.894,C
-23.309,13.807,19.140,C
-24.757,8.984,16.545,N
-25.023,7.539,16.619,C
-24.586,6.782,15.340,C
-24.192,5.619,15.426,O
-26.505,7.253,16.998,C
-26.814,5.775,16.915,C
-26.781,7.774,18.427,C
-24.651,7.431,14.176,N
-24.112,6.835,12.936,C
-22.641,6.495,13.085,C
-22.206,5.409,12.709,O
-24.250,7.782,11.745,C
-25.673,7.961,11.287,C
-26.584,7.306,11.777,O
-25.871,8.863,10.327,N
-21.887,7.435,13.639,N
-20.451,7.272,13.833,C
-20.156,6.296,14.963,C
-19.288,5.437,14.807,O
-19.784,8.608,14.115,C
-19.878,9.502,12.885,C
-18.313,8.421,14.498,C
-19.391,10.862,13.168,C
-20.872,6.426,16.088,N
-20.735,5.484,17.234,C
-20.932,4.029,16.782,C
-20.224,3.142,17.243,O
-21.720,5.835,18.396,C
-21.803,4.721,19.419,C
-21.304,7.125,19.065,C
-21.890,3.805,15.878,N
-22.128,2.462,15.311,C
-21.079,1.977,14.297,C
-21.022,0.785,13.996,O
-23.545,2.349,14.737,C
-24.591,2.269,15.795,C
-24.369,1.632,16.991,N
-25.859,2.736,15.848,C
-25.448,1.710,17.733,C
-26.370,2.373,17.069,N
-20.267,2.893,13.781,N
-19.118,2.535,12.948,C
-17.993,2.051,13.878,C
-17.220,1.165,13.505,O
-18.653,3.713,12.050,C
-17.424,3.338,11.238,C
-19.786,4.139,11.127,C
-17.912,2.636,15.082,N
-16.930,2.236,16.097,C
-17.351,0.886,16.688,C
-16.612,-0.099,16.597,O
-16.780,3.288,17.246,C
-16.402,4.687,16.716,C
-15.757,2.827,18.255,C
-15.059,4.764,16.007,C
-18.542,0.864,17.290,N
-19.132,-0.345,17.862,C
-20.619,-0.354,17.524,C
-21.368,0.466,18.040,O
-18.917,-0.401,19.378,C
-19.532,-1.630,20.086,C
-18.993,-2.963,19.563,C
-17.801,-3.255,19.675,O
-19.883,-3.778,18.992,N
-21.035,-1.282,16.662,N
-22.420,-1.357,16.206,C
-23.306,-1.994,17.284,C
-22.818,-2.756,18.121,O
-22.492,-2.145,14.883,C
-23.781,-1.873,14.069,C
-24.504,-0.874,14.303,O
-24.068,-2.688,13.168,O
-24.601,-1.661,17.248,N
-25.633,-2.196,18.177,C
-25.536,-1.740,19.656,C
-26.220,-2.290,20.520,O
-25.700,-3.741,18.089,C
-26.022,-4.235,16.690,C
-26.917,-3.714,16.030,O
-25.291,-5.246,16.233,N
-24.700,-0.743,19.938,N
-24.547,-0.197,21.298,C
-25.815,0.534,21.817,C
-26.074,0.566,23.018,O
-23.350,0.764,21.335,C
-22.832,1.213,22.703,C
-22.199,0.039,23.438,C
-21.839,2.351,22.545,C
-26.572,1.105,20.888,N
-27.765,1.886,21.120,C
-28.881,1.166,20.393,C
-28.747,0.854,19.208,O
-27.623,3.313,20.573,C
-26.513,4.056,21.326,C
-28.930,4.068,20.708,C
-26.243,5.427,20.826,C
-29.973,0.910,21.111,N
-31.132,0.177,20.596,C
-31.686,0.776,19.310,C
-31.542,1.977,19.070,O
-32.265,0.192,21.608,C
-31.969,-0.426,22.966,C
-33.142,-0.227,23.870,C
-34.321,-0.914,23.347,
-35.556,-0.820,23.845,
-35.826,-0.056,24.909,
-36.539,-1.505,23.268,
-32.317,-0.069,18.496,N
-32.950,0.369,17.249,C
-34.024,1.432,17.501,C
-34.122,2.399,16.751,O
-33.573,-0.819,16.514,C
-34.091,-0.499,15.109,C
-34.754,-1.709,14.472,C
-35.417,-1.329,13.154,C
-36.147,-2.481,12.552,N
-34.813,1.237,18.553,N
-35.888,2.166,18.928,C
-35.388,3.534,19.354,C
-36.083,4.526,19.156,O
-36.707,1.586,20.062,C
-37.464,0.323,19.682,C
-38.035,-0.379,20.876,C
-38.087,0.245,21.964,
-38.436,-1.560,20.740,
-34.191,3.586,19.938,N
-33.579,4.864,20.314,C
-33.126,5.563,19.040,C
-33.415,6.740,18.854,O
-32.398,4.703,21.330,C
-31.597,5.986,21.441,C
-32.925,4.287,22.703,C
-32.423,4.833,18.177,N
-31.955,5.366,16.892,C
-33.106,5.892,16.025,C
-32.981,6.951,15.414,O
-31.184,4.294,16.135,C
-30.534,4.770,14.855,C
-30.984,4.338,13.610,C
-29.470,5.650,14.894,C
-30.378,4.780,12.435,C
-28.859,6.098,13.747,C
-29.313,5.663,12.513,C
-28.716,6.100,11.357,O
-34.214,5.152,15.979,N
-35.412,5.593,15.251,C
-35.959,6.873,15.863,C
-36.272,7.798,15.139,O
-36.519,4.520,15.243,C
-36.141,3.375,14.316,C
-37.839,5.100,14.781,C
-36.987,2.145,14.516,C
-36.067,6.917,17.195,N
-36.561,8.109,17.895,C
-35.682,9.324,17.619,C
-36.208,10.416,17.414,O
-36.677,7.873,19.405,C
-37.103,9.087,20.269,C
-38.353,9.787,19.699,C
-37.344,8.666,21.710,C
-34.358,9.142,17.612,N
-33.436,10.249,17.271,C
-33.611,10.744,15.829,C
-33.346,11.904,15.546,O
-31.976,9.857,17.497,C
-31.583,9.468,18.926,C
-30.094,9.202,18.969,C
-31.960,10.525,19.951,C
-34.053,9.862,14.932,N
-34.337,10.228,13.551,C
-35.602,11.076,13.491,C
-35.654,12.057,12.741,O
-34.490,8.970,12.679,C
-34.276,9.231,11.170,C
-33.933,8.302,10.439,O
-34.471,10.471,10.709,N
-36.614,10.702,14.275,N
-37.880,11.461,14.327,C
-37.748,12.844,14.967,C
-38.556,13.726,14.676,O
-38.988,10.634,14.986,C
-39.562,9.768,13.984,C
-39.070,8.583,13.548,C
-40.757,10.004,13.254,C
-39.885,8.056,12.589,N
-40.935,8.910,12.384,C
-41.701,11.037,13.247,C
-42.025,8.813,11.509,C
-42.790,10.944,12.374,C
-42.940,9.835,11.518,C
-36.742,13.024,15.822,N
-36.411,14.336,16.368,C
-35.847,15.185,15.213,C
-36.108,16.396,15.114,O
-35.406,14.239,17.546,C
-36.040,13.519,18.735,C
-34.975,15.611,18.002,C
-35.054,13.195,19.841,C
-35.072,14.536,14.350,N
-34.603,15.150,13.118,C
-35.780,15.520,12.237,C
-35.913,16.673,11.866,O
-36.634,14.545,11.909,N
-37.825,14.800,11.050,C
-38.668,15.970,11.526,C
-38.949,16.889,10.754,O
-38.746,13.570,10.960,C
-38.256,12.359,10.139,C
-38.869,11.121,10.288,C
-37.200,12.448,9.231,C
-38.459,10.025,9.571,C
-36.787,11.358,8.514,C
-37.420,10.148,8.688,C
-37.015,9.061,7.979,O
-39.057,15.910,12.801,N
-39.872,16.934,13.466,C
-39.316,18.355,13.330,C
-40.086,19.311,13.253,O
-40.088,16.560,14.984,C
-40.336,17.760,15.804,C
-41.253,15.603,15.111,C
-37.988,18.491,13.296,N
-37.342,19.793,13.078,C
-37.882,20.548,11.857,C
-37.912,21.779,11.844,O
-35.843,19.645,12.910,C
-35.171,20.958,12.635,C
-35.023,21.806,13.522,O
-34.761,21.142,11.396,N
-38.308,19.798,10.836,N
-38.951,20.365,9.640,C
-40.218,21.194,9.925,C
-40.670,21.930,9.046,O
-39.285,19.245,8.635,C
-38.120,18.509,8.281,O
-40.782,21.078,11.133,N
-41.934,21.857,11.544,C
-41.642,23.110,12.350,C
-42.562,23.884,12.581,O
-40.391,23.328,12.777,N
-40.076,24.440,13.706,C
-39.761,25.780,13.112,C
-40.178,26.799,13.680,O
-38.912,24.051,14.634,C
-39.192,22.851,15.497,C
-38.154,22.005,15.857,C
-40.490,22.551,15.953,C
-38.383,20.891,16.650,C
-40.722,21.446,16.740,C
-39.667,20.614,17.091,C
-39.040,25.807,11.996,N
-38.637,27.082,11.381,C
-39.785,28.061,11.142,C
-39.620,29.237,11.440,O
-37.866,26.856,10.087,C
-36.531,26.208,10.315,C
-36.158,25.901,11.455,O
-35.791,25.989,9.229,N
-40.941,27.582,10.609,N
-42.088,28.479,10.469,C
-42.469,29.179,11.779,C
-42.795,30.367,11.751,O
-43.200,27.542,9.997,C
-42.474,26.473,9.266,C
-41.271,26.232,10.104,C
-42.426,28.454,12.899,N
-42.689,29.050,14.233,C
-41.580,30.013,14.651,C
-41.851,31.053,15.230,O
-42.847,27.970,15.310,C
-44.017,27.003,15.125,C
-43.821,25.727,15.948,C
-45.329,27.707,15.474,C
-40.334,29.656,14.355,N
-39.186,30.504,14.689,C
-39.244,31.830,13.907,C
-38.791,32.850,14.407,O
-37.837,29.776,14.433,C
-37.701,28.520,15.328,C
-36.654,30.701,14.689,C
-36.611,27.536,14.870,C
-39.803,31.815,12.690,N
-39.934,33.054,11.884,C
-40.978,34.017,12.416,C
-40.991,35.153,11.992,O
-40.242,32.772,10.409,C
-39.240,31.893,9.701,C
-39.666,30.889,8.847,C
-37.865,32.057,9.885,C
-38.764,30.077,8.194,C
-36.961,31.248,9.236,C
-37.423,30.258,8.389,C
-36.541,29.451,7.742,O
-41.848,33.582,13.332,N
-42.782,34.496,13.999,C
-42.064,35.537,14.905,C
-42.684,36.508,15.330,O
-43.827,33.729,14.805,C
-44.970,32.742,13.778,S
-40.770,35.320,15.191,N
-39.919,36.324,15.832,C
-39.781,37.596,14.984,C
-39.581,38.680,15.524,O
-38.515,35.771,16.078,C
-38.423,34.646,17.130,C
-36.998,34.067,17.220,C
-36.006,35.129,17.048,N
-35.537,35.945,17.985,C
-35.953,35.859,19.252,N
-34.631,36.866,17.640,N
-39.885,37.449,13.659,N
-39.788,38.574,12.743,C
-41.107,39.324,12.711,C
-42.151,38.687,12.597,O
-39.460,38.097,11.335,C
-39.465,39.190,10.429,O
-41.076,40.675,12.814,N
-42.339,41.415,12.685,C
-42.905,41.369,11.253,C
-44.103,41.466,11.079,O
-41.960,42.851,13.080,C
-40.597,42.764,13.669,C
-39.946,41.595,13.045,C
-42.031,41.216,10.256,N
-42.440,41.127,8.854,C
-43.160,39.831,8.516,C
-44.180,39.865,7.824,O
-41.225,41.268,7.929,C
-40.585,42.640,8.000,C
-41.152,43.526,8.660,
-39.507,42.825,7.387,
-42.638,38.697,8.992,N
-43.306,37.387,8.759,C
-44.596,37.298,9.525,C
-45.583,36.811,9.006,O
-42.419,36.206,9.142,C
-41.421,35.848,8.099,C
-40.184,36.470,8.064,C
-41.719,34.884,7.141,C
-39.251,36.138,7.092,C
-40.794,34.541,6.159,C
-39.558,35.166,6.132,C
-44.567,37.772,10.764,N
-45.742,37.795,11.618,C
-46.875,38.603,10.964,C
-48.015,38.171,11.005,O
-45.357,38.362,12.963,C
-46.383,38.222,14.059,C
-45.671,38.263,15.407,C
-44.710,39.377,15.472,
-43.693,39.490,16.335,
-43.449,38.553,17.262,
-42.899,40.566,16.271,
-46.534,39.755,10.373,N
-47.472,40.580,9.584,C
-47.898,39.862,8.316,C
-49.077,39.871,7.963,O
-46.862,41.959,9.211,C
-46.777,42.860,10.444,C
-47.692,42.668,8.142,C
-45.791,44.015,10.287,C
-46.934,39.248,7.635,N
-47.202,38.470,6.433,C
-48.199,37.345,6.719,C
-49.207,37.251,6.057,O
-45.911,37.896,5.876,C
-47.896,36.511,7.714,N
-48.760,35.372,8.092,C
-50.184,35.751,8.427,C
-51.116,35.205,7.847,O
-48.198,34.602,9.301,C
-46.852,33.943,9.072,C
-46.408,33.562,7.796,C
-46.024,33.695,10.152,C
-45.180,32.962,7.621,C
-44.787,33.089,9.974,C
-44.372,32.724,8.700,C
-50.346,36.681,9.363,N
-51.691,37.124,9.792,C
-52.549,37.711,8.642,C
-53.778,37.646,8.694,O
-51.609,38.081,10.997,C
-50.870,39.391,10.802,C
-50.613,40.113,12.143,C
-51.317,39.877,13.127,O
-49.610,40.989,12.177,N
-51.900,38.271,7.622,N
-52.591,38.694,6.411,C
-53.085,37.448,5.670,C
-54.258,37.370,5.282,O
-51.659,39.512,5.516,C
-52.343,40.279,4.365,C
-52.695,39.442,3.113,C
-52.500,38.207,3.087,O
-53.176,40.048,2.131,O
-52.177,36.488,5.477,N
-52.475,35.242,4.763,C
-53.527,34.375,5.463,C
-54.255,33.650,4.793,O
-51.209,34.406,4.567,C
-50.055,35.021,3.778,C
-48.805,34.139,3.935,C
-50.411,35.225,2.315,C
-53.599,34.455,6.796,N
-54.598,33.718,7.588,C
-55.848,34.573,7.901,C
-56.573,34.280,8.860,O
-53.960,33.174,8.878,C
-52.763,32.233,8.701,C
-52.150,31.887,10.048,C
-53.167,30.976,7.982,C
-56.083,35.619,7.088,N
-57.280,36.477,7.152,C
-57.536,37.089,8.530,C
-58.613,36.911,9.114,O
-58.500,35.683,6.674,C
-58.243,34.889,5.079,S
-56.533,37.809,9.031,N
-56.598,38.483,10.333,C
-56.370,39.993,10.158,C
-55.715,40.650,10.971,O
-55.575,37.878,11.303,C
-55.513,36.347,11.407,C
-54.415,35.913,12.368,C
-56.851,35.782,11.838,C
